============================================================= BACKTESTING REPORT ===========================================================
|       Pair   |   Buys |   Avg Profit % |   Cum Profit % |   Tot Profit USDT |   Tot Profit % |   Avg Duration |   Win  Draw  Loss  Win%  |
|--------------+--------+----------------+----------------+-------------------+----------------+----------------+--------------------------|
|    FIRO/USDT |      3 |           4.50 |          13.49 |           425.285 |           4.25 |        0:02:00 |     3     0     0  100.0 |
|     BLZ/USDT |      6 |           2.23 |          13.38 |           419.991 |           4.20 |        0:10:00 |     4     0     2   66.7 |
|  ALPACA/USDT |      7 |           1.20 |           8.40 |           243.346 |           2.43 |        0:01:00 |     4     0     3   57.1 |
|     BTS/USDT |      1 |           4.50 |           4.50 |           145.986 |           1.46 |        0:12:00 |     1     0     0  100.0 |
|    FLUX/USDT |      1 |           4.50 |           4.50 |           144.551 |           1.45 |        0:04:00 |     1     0     0  100.0 |
|  BURGER/USDT |      1 |           4.50 |           4.50 |           137.633 |           1.38 |        0:06:00 |     1     0     0  100.0 |
|   COCOS/USDT |      1 |           2.64 |           2.64 |            80.845 |           0.81 |        0:13:00 |     1     0     0  100.0 |
|     CTK/USDT |      2 |           0.65 |           1.30 |            45.874 |           0.46 |        0:07:00 |     1     0     1   50.0 |
|   1INCH/USDT |      0 |           0.00 |           0.00 |             0.000 |           0.00 |           0:00 |     0     0     0    0.0 |
|    AAVE/USDT |      0 |           0.00 |           0.00 |             0.000 |           0.00 |           0:00 |     0     0     0    0.0 |
|     ACH/USDT |      0 |           0.00 |           0.00 |             0.000 |           0.00 |           0:00 |     0     0     0    0.0 |
|     ACM/USDT |      0 |           0.00 |           0.00 |             0.000 |           0.00 |           0:00 |     0     0     0    0.0 |
|     ADA/USDT |      0 |           0.00 |           0.00 |             0.000 |           0.00 |           0:00 |     0     0     0    0.0 |
|    AION/USDT |      0 |           0.00 |           0.00 |             0.000 |           0.00 |           0:00 |     0     0     0    0.0 |
|    ALCX/USDT |      0 |           0.00 |           0.00 |             0.000 |           0.00 |           0:00 |     0     0     0    0.0 |
|    ALGO/USDT |      0 |           0.00 |           0.00 |             0.000 |           0.00 |           0:00 |     0     0     0    0.0 |
|   ALICE/USDT |      0 |           0.00 |           0.00 |             0.000 |           0.00 |           0:00 |     0     0     0    0.0 |
|   ALPHA/USDT |      0 |           0.00 |           0.00 |             0.000 |           0.00 |           0:00 |     0     0     0    0.0 |
|     AMP/USDT |      0 |           0.00 |           0.00 |             0.000 |           0.00 |           0:00 |     0     0     0    0.0 |
|    ANKR/USDT |      0 |           0.00 |           0.00 |             0.000 |           0.00 |           0:00 |     0     0     0    0.0 |
|     ANT/USDT |      0 |           0.00 |           0.00 |             0.000 |           0.00 |           0:00 |     0     0     0    0.0 |
|      AR/USDT |      0 |           0.00 |           0.00 |             0.000 |           0.00 |           0:00 |     0     0     0    0.0 |
|    ARDR/USDT |      0 |           0.00 |           0.00 |             0.000 |           0.00 |           0:00 |     0     0     0    0.0 |
|    ARPA/USDT |      0 |           0.00 |           0.00 |             0.000 |           0.00 |           0:00 |     0     0     0    0.0 |
|     ASR/USDT |      0 |           0.00 |           0.00 |             0.000 |           0.00 |           0:00 |     0     0     0    0.0 |
|     ATA/USDT |      0 |           0.00 |           0.00 |             0.000 |           0.00 |           0:00 |     0     0     0    0.0 |
|     ATM/USDT |      0 |           0.00 |           0.00 |             0.000 |           0.00 |           0:00 |     0     0     0    0.0 |
|    ATOM/USDT |      0 |           0.00 |           0.00 |             0.000 |           0.00 |           0:00 |     0     0     0    0.0 |
| AUCTION/USDT |      0 |           0.00 |           0.00 |             0.000 |           0.00 |           0:00 |     0     0     0    0.0 |
|   AUDIO/USDT |      0 |           0.00 |           0.00 |             0.000 |           0.00 |           0:00 |     0     0     0    0.0 |
|    AUTO/USDT |      0 |           0.00 |           0.00 |             0.000 |           0.00 |           0:00 |     0     0     0    0.0 |
|    AVAX/USDT |      0 |           0.00 |           0.00 |             0.000 |           0.00 |           0:00 |     0     0     0    0.0 |
|     AXS/USDT |      0 |           0.00 |           0.00 |             0.000 |           0.00 |           0:00 |     0     0     0    0.0 |
|  BADGER/USDT |      0 |           0.00 |           0.00 |             0.000 |           0.00 |           0:00 |     0     0     0    0.0 |
|    BAKE/USDT |      0 |           0.00 |           0.00 |             0.000 |           0.00 |           0:00 |     0     0     0    0.0 |
|     BAL/USDT |      0 |           0.00 |           0.00 |             0.000 |           0.00 |           0:00 |     0     0     0    0.0 |
|    BAND/USDT |      0 |           0.00 |           0.00 |             0.000 |           0.00 |           0:00 |     0     0     0    0.0 |
|     BAR/USDT |      0 |           0.00 |           0.00 |             0.000 |           0.00 |           0:00 |     0     0     0    0.0 |
|     BAT/USDT |      0 |           0.00 |           0.00 |             0.000 |           0.00 |           0:00 |     0     0     0    0.0 |
|     BCH/USDT |      0 |           0.00 |           0.00 |             0.000 |           0.00 |           0:00 |     0     0     0    0.0 |
|     BEL/USDT |      0 |           0.00 |           0.00 |             0.000 |           0.00 |           0:00 |     0     0     0    0.0 |
|    BETA/USDT |      0 |           0.00 |           0.00 |             0.000 |           0.00 |           0:00 |     0     0     0    0.0 |
|     BNB/USDT |      0 |           0.00 |           0.00 |             0.000 |           0.00 |           0:00 |     0     0     0    0.0 |
|     BNT/USDT |      0 |           0.00 |           0.00 |             0.000 |           0.00 |           0:00 |     0     0     0    0.0 |
|     BNX/USDT |      0 |           0.00 |           0.00 |             0.000 |           0.00 |           0:00 |     0     0     0    0.0 |
|     BTC/USDT |      0 |           0.00 |           0.00 |             0.000 |           0.00 |           0:00 |     0     0     0    0.0 |
|     BTG/USDT |      0 |           0.00 |           0.00 |             0.000 |           0.00 |           0:00 |     0     0     0    0.0 |
|     C98/USDT |      0 |           0.00 |           0.00 |             0.000 |           0.00 |           0:00 |     0     0     0    0.0 |
|    CAKE/USDT |      0 |           0.00 |           0.00 |             0.000 |           0.00 |           0:00 |     0     0     0    0.0 |
|    CELO/USDT |      0 |           0.00 |           0.00 |             0.000 |           0.00 |           0:00 |     0     0     0    0.0 |
|    CELR/USDT |      0 |           0.00 |           0.00 |             0.000 |           0.00 |           0:00 |     0     0     0    0.0 |
|     CHR/USDT |      0 |           0.00 |           0.00 |             0.000 |           0.00 |           0:00 |     0     0     0    0.0 |
|     CHZ/USDT |      0 |           0.00 |           0.00 |             0.000 |           0.00 |           0:00 |     0     0     0    0.0 |
|    CITY/USDT |      0 |           0.00 |           0.00 |             0.000 |           0.00 |           0:00 |     0     0     0    0.0 |
|     CLV/USDT |      0 |           0.00 |           0.00 |             0.000 |           0.00 |           0:00 |     0     0     0    0.0 |
|    COMP/USDT |      0 |           0.00 |           0.00 |             0.000 |           0.00 |           0:00 |     0     0     0    0.0 |
|    COTI/USDT |      0 |           0.00 |           0.00 |             0.000 |           0.00 |           0:00 |     0     0     0    0.0 |
|     CRV/USDT |      0 |           0.00 |           0.00 |             0.000 |           0.00 |           0:00 |     0     0     0    0.0 |
|    CTSI/USDT |      0 |           0.00 |           0.00 |             0.000 |           0.00 |           0:00 |     0     0     0    0.0 |
|    CTXC/USDT |      0 |           0.00 |           0.00 |             0.000 |           0.00 |           0:00 |     0     0     0    0.0 |
|     CVC/USDT |      0 |           0.00 |           0.00 |             0.000 |           0.00 |           0:00 |     0     0     0    0.0 |
|     CVP/USDT |      0 |           0.00 |           0.00 |             0.000 |           0.00 |           0:00 |     0     0     0    0.0 |
|     CVX/USDT |      0 |           0.00 |           0.00 |             0.000 |           0.00 |           0:00 |     0     0     0    0.0 |
|     DAR/USDT |      0 |           0.00 |           0.00 |             0.000 |           0.00 |           0:00 |     0     0     0    0.0 |
|    DASH/USDT |      0 |           0.00 |           0.00 |             0.000 |           0.00 |           0:00 |     0     0     0    0.0 |
|    DATA/USDT |      0 |           0.00 |           0.00 |             0.000 |           0.00 |           0:00 |     0     0     0    0.0 |
|    DENT/USDT |      0 |           0.00 |           0.00 |             0.000 |           0.00 |           0:00 |     0     0     0    0.0 |
|      DF/USDT |      0 |           0.00 |           0.00 |             0.000 |           0.00 |           0:00 |     0     0     0    0.0 |
|     DGB/USDT |      0 |           0.00 |           0.00 |             0.000 |           0.00 |           0:00 |     0     0     0    0.0 |
|     DIA/USDT |      0 |           0.00 |           0.00 |             0.000 |           0.00 |           0:00 |     0     0     0    0.0 |
|    DOCK/USDT |      0 |           0.00 |           0.00 |             0.000 |           0.00 |           0:00 |     0     0     0    0.0 |
|    DODO/USDT |      0 |           0.00 |           0.00 |             0.000 |           0.00 |           0:00 |     0     0     0    0.0 |
|    DOGE/USDT |      0 |           0.00 |           0.00 |             0.000 |           0.00 |           0:00 |     0     0     0    0.0 |
|     DOT/USDT |      0 |           0.00 |           0.00 |             0.000 |           0.00 |           0:00 |     0     0     0    0.0 |
|    DREP/USDT |      0 |           0.00 |           0.00 |             0.000 |           0.00 |           0:00 |     0     0     0    0.0 |
|    DUSK/USDT |      0 |           0.00 |           0.00 |             0.000 |           0.00 |           0:00 |     0     0     0    0.0 |
|    DYDX/USDT |      0 |           0.00 |           0.00 |             0.000 |           0.00 |           0:00 |     0     0     0    0.0 |
|    EGLD/USDT |      0 |           0.00 |           0.00 |             0.000 |           0.00 |           0:00 |     0     0     0    0.0 |
|     ELF/USDT |      0 |           0.00 |           0.00 |             0.000 |           0.00 |           0:00 |     0     0     0    0.0 |
|     ENJ/USDT |      0 |           0.00 |           0.00 |             0.000 |           0.00 |           0:00 |     0     0     0    0.0 |
|     ENS/USDT |      0 |           0.00 |           0.00 |             0.000 |           0.00 |           0:00 |     0     0     0    0.0 |
|     EOS/USDT |      0 |           0.00 |           0.00 |             0.000 |           0.00 |           0:00 |     0     0     0    0.0 |
|     ERN/USDT |      0 |           0.00 |           0.00 |             0.000 |           0.00 |           0:00 |     0     0     0    0.0 |
|     ETC/USDT |      0 |           0.00 |           0.00 |             0.000 |           0.00 |           0:00 |     0     0     0    0.0 |
|     ETH/USDT |      0 |           0.00 |           0.00 |             0.000 |           0.00 |           0:00 |     0     0     0    0.0 |
|    FARM/USDT |      0 |           0.00 |           0.00 |             0.000 |           0.00 |           0:00 |     0     0     0    0.0 |
|     FET/USDT |      0 |           0.00 |           0.00 |             0.000 |           0.00 |           0:00 |     0     0     0    0.0 |
|    FIDA/USDT |      0 |           0.00 |           0.00 |             0.000 |           0.00 |           0:00 |     0     0     0    0.0 |
|     FIL/USDT |      0 |           0.00 |           0.00 |             0.000 |           0.00 |           0:00 |     0     0     0    0.0 |
|     FIO/USDT |      0 |           0.00 |           0.00 |             0.000 |           0.00 |           0:00 |     0     0     0    0.0 |
|     FIS/USDT |      0 |           0.00 |           0.00 |             0.000 |           0.00 |           0:00 |     0     0     0    0.0 |
|     FLM/USDT |      0 |           0.00 |           0.00 |             0.000 |           0.00 |           0:00 |     0     0     0    0.0 |
|    FLOW/USDT |      0 |           0.00 |           0.00 |             0.000 |           0.00 |           0:00 |     0     0     0    0.0 |
|     FOR/USDT |      0 |           0.00 |           0.00 |             0.000 |           0.00 |           0:00 |     0     0     0    0.0 |
|   FRONT/USDT |      0 |           0.00 |           0.00 |             0.000 |           0.00 |           0:00 |     0     0     0    0.0 |
|     FTM/USDT |      0 |           0.00 |           0.00 |             0.000 |           0.00 |           0:00 |     0     0     0    0.0 |
|     FTT/USDT |      0 |           0.00 |           0.00 |             0.000 |           0.00 |           0:00 |     0     0     0    0.0 |
|     FUN/USDT |      0 |           0.00 |           0.00 |             0.000 |           0.00 |           0:00 |     0     0     0    0.0 |
|     FXS/USDT |      0 |           0.00 |           0.00 |             0.000 |           0.00 |           0:00 |     0     0     0    0.0 |
|     ADX/USDT |      3 |          -0.63 |          -1.89 |           -60.708 |          -0.61 |        0:01:00 |     1     0     2   33.3 |
|    BEAM/USDT |      3 |          -0.63 |          -1.89 |           -63.269 |          -0.63 |        0:01:00 |     1     0     2   33.3 |
|   CHESS/USDT |      1 |          -3.19 |          -3.19 |           -95.742 |          -0.96 |        0:01:00 |     0     0     1    0.0 |
|     DNT/USDT |      1 |          -3.19 |          -3.19 |           -99.891 |          -1.00 |        0:01:00 |     0     0     1    0.0 |
|    AGLD/USDT |      1 |          -3.19 |          -3.19 |          -100.471 |          -1.00 |        0:01:00 |     0     0     1    0.0 |
|    AKRO/USDT |      1 |          -3.19 |          -3.19 |          -101.543 |          -1.02 |        0:00:00 |     0     0     1    0.0 |
|   FORTH/USDT |      1 |          -3.19 |          -3.19 |          -103.121 |          -1.03 |        0:01:00 |     0     0     1    0.0 |
|    DEGO/USDT |      1 |          -3.19 |          -3.19 |          -103.473 |          -1.03 |        0:03:00 |     0     0     1    0.0 |
|     COS/USDT |      1 |          -3.19 |          -3.19 |          -103.790 |          -1.04 |        0:00:00 |     0     0     1    0.0 |
|    BICO/USDT |      1 |          -3.19 |          -3.19 |          -104.220 |          -1.04 |        0:00:00 |     0     0     1    0.0 |
|     CFX/USDT |      1 |          -3.19 |          -3.19 |          -105.255 |          -1.05 |        0:00:00 |     0     0     1    0.0 |
|     CKB/USDT |      1 |          -3.19 |          -3.19 |          -105.501 |          -1.06 |        0:00:00 |     0     0     1    0.0 |
|     AVA/USDT |      4 |          -1.27 |          -5.09 |          -166.302 |          -1.66 |        0:02:00 |     1     0     3   25.0 |
|    BOND/USDT |      2 |          -3.19 |          -6.39 |          -208.428 |          -2.08 |        0:10:00 |     0     0     2    0.0 |
|     DCR/USDT |      3 |          -3.19 |          -9.58 |          -302.024 |          -3.02 |        0:03:00 |     0     0     3    0.0 |
|    DEXE/USDT |      5 |          -3.19 |         -15.97 |          -496.384 |          -4.96 |        0:05:00 |     0     0     5    0.0 |
|        TOTAL |     52 |          -0.39 |         -20.06 |          -676.612 |          -6.77 |        0:04:00 |    19     0    33   36.5 |
========================================================= ENTER TAG STATS ===========================================================
|   TAG |   Buys |   Avg Profit % |   Cum Profit % |   Tot Profit USDT |   Tot Profit % |   Avg Duration |   Win  Draw  Loss  Win%  |
|-------+--------+----------------+----------------+-------------------+----------------+----------------+--------------------------|
| TOTAL |     52 |          -0.39 |         -20.06 |          -676.612 |          -6.77 |        0:04:00 |    19     0    33   36.5 |
=====================================================+== EXIT REASON STATS ========================================================
|        Exit Reason |   Exits |   Win  Draws  Loss  Win%  |   Avg Profit % |   Cum Profit % |   Tot Profit USDT |   Tot Profit % |
|--------------------+---------+---------------------------+----------------+----------------+-------------------+----------------|
|          stop_loss |      32 |     0     0    32    0.0  |          -3.19 |        -102.20 |         -3269.622 |         -34.07 |
|                roi |      18 |    18     0     0  100.0  |           4.50 |          80.92 |          2555.918 |          26.97 |
| my_stoploss_signal |       1 |     0     0     1    0.0  |          -1.41 |          -1.41 |           -43.753 |          -0.47 |
| candle_sell_signal |       1 |     1     0     0  100.0  |           2.64 |           2.64 |            80.845 |           0.88 |
====================================================== LEFT OPEN TRADES REPORT =======================================================
|   Pair |   Buys |   Avg Profit % |   Cum Profit % |   Tot Profit USDT |   Tot Profit % |   Avg Duration |   Win  Draw  Loss  Win%  |
|--------+--------+----------------+----------------+-------------------+----------------+----------------+--------------------------|
|  TOTAL |      0 |           0.00 |           0.00 |             0.000 |           0.00 |           0:00 |     0     0     0    0.0 |
================== SUMMARY METRICS ==================
| Metric                      | Value               |
|-----------------------------+---------------------|
| Backtesting from            | 2022-08-23 01:40:00 |
| Backtesting to              | 2022-09-02 19:56:00 |
| Max open trades             | 3                   |
|                             |                     |
| Total/Daily Avg Trades      | 52 / 5.2            |
| Starting balance            | 10000 USDT          |
| Final balance               | 9323.388 USDT       |
| Absolute profit             | -676.612 USDT       |
| Total profit %              | -6.77%              |
| CAGR %                      | -92.25%             |
| Trades per day              | 5.2                 |
| Avg. daily profit %         | -0.68%              |
| Avg. stake amount           | 3177.622 USDT       |
| Total trade volume          | 165236.326 USDT     |
|                             |                     |
| Best Pair                   | FIRO/USDT 13.49%    |
| Worst Pair                  | DEXE/USDT -15.97%   |
| Best trade                  | ALPACA/USDT 4.5%    |
| Worst trade                 | CKB/USDT -3.19%     |
| Best day                    | 423.057 USDT        |
| Worst day                   | -596.275 USDT       |
| Days win/draw/lose          | 3 / 1 / 7           |
| Avg. Duration Winners       | 0:04:00             |
| Avg. Duration Loser         | 0:03:00             |
| Rejected Entry signals      | 0                   |
| Entry/Exit Timeouts         | 0 / 0               |
|                             |                     |
| Min balance                 | 8979.239 USDT       |
| Max balance                 | 10041.432 USDT      |
| Max % of account underwater | 10.58%              |
| Absolute Drawdown (Account) | 10.58%              |
| Absolute Drawdown           | 1062.193 USDT       |
| Drawdown high               | 41.432 USDT         |
| Drawdown low                | -1020.761 USDT      |
| Drawdown Start              | 2022-08-23 11:18:00 |
| Drawdown End                | 2022-08-29 03:08:00 |
| Market change               | -4.36%              |
=====================================================