============================================================= BACKTESTING REPORT ===========================================================
|       Pair   |   Buys |   Avg Profit % |   Cum Profit % |   Tot Profit USDT |   Tot Profit % |   Avg Duration |   Win  Draw  Loss  Win%  |
|--------------+--------+----------------+----------------+-------------------+----------------+----------------+--------------------------|
|  BURGER/USDT |     12 |          -0.07 |          -0.83 |             3.348 |           0.03 |        0:01:00 |     1     0    11    8.3 |
|     BLZ/USDT |      6 |          -0.09 |          -0.52 |            -3.091 |          -0.03 |        0:02:00 |     2     0     4   33.3 |
|     DAR/USDT |      1 |          -0.28 |          -0.28 |            -4.580 |          -0.05 |        0:01:00 |     0     0     1    0.0 |
|    DOGE/USDT |      3 |          -0.18 |          -0.55 |            -8.040 |          -0.08 |        0:01:00 |     0     0     3    0.0 |
|   FORTH/USDT |      7 |          -0.03 |          -0.22 |            -9.309 |          -0.09 |        0:02:00 |     1     0     6   14.3 |
|     BTC/USDT |      3 |          -0.21 |          -0.63 |            -9.722 |          -0.10 |        0:01:00 |     0     0     3    0.0 |
|    DASH/USDT |      4 |          -0.20 |          -0.80 |           -10.690 |          -0.11 |        0:01:00 |     0     0     4    0.0 |
|     AXS/USDT |      5 |          -0.14 |          -0.72 |           -11.440 |          -0.11 |        0:01:00 |     1     0     4   20.0 |
|     CRV/USDT |     11 |          -0.04 |          -0.41 |           -12.541 |          -0.13 |        0:02:00 |     1     0    10    9.1 |
|    BICO/USDT |     11 |          -0.09 |          -0.99 |           -13.178 |          -0.13 |        0:01:00 |     1     0    10    9.1 |
|    CELR/USDT |      5 |          -0.20 |          -1.01 |           -13.709 |          -0.14 |        0:01:00 |     0     0     5    0.0 |
|      DF/USDT |      4 |          -0.20 |          -0.80 |           -13.834 |          -0.14 |        0:02:00 |     0     0     4    0.0 |
|    BAKE/USDT |      4 |          -0.20 |          -0.80 |           -14.611 |          -0.15 |        0:01:00 |     0     0     4    0.0 |
|     ENJ/USDT |      4 |          -0.20 |          -0.78 |           -16.101 |          -0.16 |        0:01:00 |     0     0     4    0.0 |
|    ALCX/USDT |      5 |          -0.20 |          -1.00 |           -18.610 |          -0.19 |        0:01:00 |     0     0     5    0.0 |
|     BEL/USDT |      7 |          -0.18 |          -1.25 |           -19.670 |          -0.20 |        0:01:00 |     0     0     7    0.0 |
|     ETC/USDT |      6 |          -0.18 |          -1.05 |           -20.937 |          -0.21 |        0:01:00 |     0     0     6    0.0 |
|     COS/USDT |      8 |          -0.16 |          -1.32 |           -20.995 |          -0.21 |        0:01:00 |     0     0     8    0.0 |
|     CKB/USDT |      5 |          -0.25 |          -1.23 |           -21.228 |          -0.21 |        0:01:00 |     0     0     5    0.0 |
|     ETH/USDT |      8 |          -0.18 |          -1.43 |           -21.934 |          -0.22 |        0:01:00 |     0     0     8    0.0 |
| AUCTION/USDT |     10 |          -0.15 |          -1.46 |           -22.083 |          -0.22 |        0:02:00 |     1     0     9   10.0 |
|     BAR/USDT |      9 |          -0.17 |          -1.51 |           -22.111 |          -0.22 |        0:01:00 |     1     0     8   11.1 |
|   COCOS/USDT |      7 |          -0.20 |          -1.37 |           -22.573 |          -0.23 |        0:01:00 |     0     0     7    0.0 |
|     ACM/USDT |      7 |          -0.18 |          -1.24 |           -22.668 |          -0.23 |        0:01:00 |     0     0     7    0.0 |
|   CHESS/USDT |      5 |          -0.26 |          -1.32 |           -24.427 |          -0.24 |        0:01:00 |     0     0     5    0.0 |
|    DYDX/USDT |      8 |          -0.19 |          -1.48 |           -24.622 |          -0.25 |        0:01:00 |     0     0     8    0.0 |
|    DENT/USDT |      7 |          -0.19 |          -1.31 |           -25.201 |          -0.25 |        0:01:00 |     0     0     7    0.0 |
|    EGLD/USDT |      8 |          -0.19 |          -1.52 |           -25.585 |          -0.26 |        0:01:00 |     0     0     8    0.0 |
|    COMP/USDT |      7 |          -0.18 |          -1.27 |           -25.601 |          -0.26 |        0:01:00 |     0     0     7    0.0 |
|    ATOM/USDT |      8 |          -0.17 |          -1.34 |           -27.781 |          -0.28 |        0:01:00 |     0     0     8    0.0 |
|     CFX/USDT |     10 |          -0.20 |          -2.02 |           -27.901 |          -0.28 |        0:01:00 |     0     0    10    0.0 |
|    CELO/USDT |      8 |          -0.25 |          -1.96 |           -28.494 |          -0.28 |        0:01:00 |     0     0     8    0.0 |
|    ALGO/USDT |     10 |          -0.19 |          -1.93 |           -30.109 |          -0.30 |        0:01:00 |     0     0    10    0.0 |
|     BTS/USDT |      9 |          -0.20 |          -1.78 |           -30.228 |          -0.30 |        0:01:00 |     0     0     9    0.0 |
|     DNT/USDT |      8 |          -0.26 |          -2.05 |           -31.146 |          -0.31 |        0:01:00 |     0     0     8    0.0 |
|     FTT/USDT |      9 |          -0.22 |          -1.95 |           -33.219 |          -0.33 |        0:01:00 |     0     0     9    0.0 |
|     FUN/USDT |     10 |          -0.19 |          -1.88 |           -34.302 |          -0.34 |        0:01:00 |     0     0    10    0.0 |
|      AR/USDT |      9 |          -0.24 |          -2.17 |           -34.623 |          -0.35 |        0:01:00 |     0     0     9    0.0 |
|    DEGO/USDT |     14 |          -0.16 |          -2.17 |           -35.228 |          -0.35 |        0:01:00 |     0     0    14    0.0 |
|     FOR/USDT |     11 |          -0.18 |          -1.99 |           -35.456 |          -0.35 |        0:01:00 |     0     0    11    0.0 |
|     ATA/USDT |     15 |          -0.16 |          -2.35 |           -35.545 |          -0.36 |        0:01:00 |     1     0    14    6.7 |
|     ADA/USDT |      9 |          -0.20 |          -1.80 |           -35.730 |          -0.36 |        0:01:00 |     0     0     9    0.0 |
|     ATM/USDT |     10 |          -0.20 |          -2.00 |           -36.013 |          -0.36 |        0:01:00 |     0     0    10    0.0 |
|    FARM/USDT |      8 |          -0.28 |          -2.27 |           -36.420 |          -0.36 |        0:01:00 |     0     0     8    0.0 |
|    BEAM/USDT |     13 |          -0.17 |          -2.20 |           -36.458 |          -0.36 |        0:01:00 |     0     0    13    0.0 |
|     FIO/USDT |     10 |          -0.20 |          -1.99 |           -36.602 |          -0.37 |        0:02:00 |     1     0     9   10.0 |
|   AUDIO/USDT |      4 |          -0.43 |          -1.74 |           -36.774 |          -0.37 |        0:01:00 |     0     0     4    0.0 |
|     FTM/USDT |      9 |          -0.22 |          -1.95 |           -36.853 |          -0.37 |        0:01:00 |     0     0     9    0.0 |
|     EOS/USDT |     12 |          -0.16 |          -1.91 |           -37.555 |          -0.38 |        0:01:00 |     1     0    11    8.3 |
|    ANKR/USDT |      9 |          -0.23 |          -2.03 |           -39.741 |          -0.40 |        0:01:00 |     0     0     9    0.0 |
|   ALPHA/USDT |     13 |          -0.21 |          -2.76 |           -39.853 |          -0.40 |        0:01:00 |     0     0    13    0.0 |
|     FET/USDT |     14 |          -0.17 |          -2.45 |           -40.301 |          -0.40 |        0:02:00 |     1     0    13    7.1 |
|   1INCH/USDT |     11 |          -0.23 |          -2.50 |           -40.718 |          -0.41 |        0:01:00 |     0     0    11    0.0 |
|     BAT/USDT |     11 |          -0.22 |          -2.42 |           -40.809 |          -0.41 |        0:01:00 |     0     0    11    0.0 |
|    ARPA/USDT |     10 |          -0.22 |          -2.23 |           -41.508 |          -0.42 |        0:01:00 |     0     0    10    0.0 |
|    AVAX/USDT |     12 |          -0.24 |          -2.83 |           -41.527 |          -0.42 |        0:01:00 |     0     0    12    0.0 |
|    BAND/USDT |     14 |          -0.17 |          -2.31 |           -41.812 |          -0.42 |        0:01:00 |     1     0    13    7.1 |
|    DODO/USDT |     12 |          -0.19 |          -2.26 |           -41.831 |          -0.42 |        0:01:00 |     0     0    12    0.0 |
|     ENS/USDT |     11 |          -0.20 |          -2.21 |           -42.192 |          -0.42 |        0:01:00 |     1     0    10    9.1 |
|     C98/USDT |      9 |          -0.25 |          -2.29 |           -42.768 |          -0.43 |        0:02:00 |     1     0     8   11.1 |
|    AKRO/USDT |     12 |          -0.20 |          -2.40 |           -43.143 |          -0.43 |        0:02:00 |     0     0    12    0.0 |
|    FIDA/USDT |     13 |          -0.21 |          -2.74 |           -43.819 |          -0.44 |        0:01:00 |     0     0    13    0.0 |
|    AAVE/USDT |     13 |          -0.23 |          -2.94 |           -44.056 |          -0.44 |        0:01:00 |     1     0    12    7.7 |
|     ERN/USDT |     14 |          -0.23 |          -3.18 |           -45.347 |          -0.45 |        0:01:00 |     0     0    14    0.0 |
|     ANT/USDT |     13 |          -0.21 |          -2.69 |           -45.698 |          -0.46 |        0:01:00 |     0     0    13    0.0 |
|    CITY/USDT |     12 |          -0.29 |          -3.44 |           -46.161 |          -0.46 |        0:01:00 |     0     0    12    0.0 |
|     BNB/USDT |     16 |          -0.18 |          -2.88 |           -47.093 |          -0.47 |        0:01:00 |     1     0    15    6.2 |
|   ALICE/USDT |     16 |          -0.19 |          -3.04 |           -47.952 |          -0.48 |        0:01:00 |     1     0    15    6.2 |
|    COTI/USDT |     16 |          -0.17 |          -2.67 |           -48.157 |          -0.48 |        0:01:00 |     0     0    16    0.0 |
|     DOT/USDT |     17 |          -0.18 |          -3.01 |           -48.724 |          -0.49 |        0:01:00 |     1     0    16    5.9 |
|     ELF/USDT |     14 |          -0.20 |          -2.80 |           -49.034 |          -0.49 |        0:01:00 |     0     0    14    0.0 |
|     CTK/USDT |     12 |          -0.23 |          -2.76 |           -49.295 |          -0.49 |        0:01:00 |     0     0    12    0.0 |
|    FLOW/USDT |     13 |          -0.21 |          -2.68 |           -49.526 |          -0.50 |        0:01:00 |     1     0    12    7.7 |
|     DGB/USDT |     14 |          -0.20 |          -2.81 |           -49.888 |          -0.50 |        0:01:00 |     0     0    14    0.0 |
|     BNX/USDT |     13 |          -0.24 |          -3.13 |           -50.363 |          -0.50 |        0:01:00 |     0     0    13    0.0 |
|    ARDR/USDT |     17 |          -0.16 |          -2.76 |           -50.531 |          -0.51 |        0:01:00 |     1     0    16    5.9 |
|     FIL/USDT |     16 |          -0.18 |          -2.83 |           -50.903 |          -0.51 |        0:01:00 |     1     0    15    6.2 |
|    BETA/USDT |     13 |          -0.20 |          -2.66 |           -51.377 |          -0.51 |        0:01:00 |     1     0    12    7.7 |
|     AMP/USDT |     12 |          -0.21 |          -2.53 |           -51.392 |          -0.51 |        0:01:00 |     0     0    12    0.0 |
|     BAL/USDT |     15 |          -0.21 |          -3.12 |           -53.385 |          -0.53 |        0:01:00 |     1     0    14    6.7 |
|     DIA/USDT |     13 |          -0.24 |          -3.12 |           -53.740 |          -0.54 |        0:02:00 |     0     0    13    0.0 |
|     BCH/USDT |     13 |          -0.24 |          -3.13 |           -54.404 |          -0.54 |        0:01:00 |     0     0    13    0.0 |
|    AION/USDT |     24 |          -0.12 |          -2.96 |           -57.645 |          -0.58 |        0:01:00 |     2     0    22    8.3 |
|    CAKE/USDT |     20 |          -0.17 |          -3.35 |           -57.750 |          -0.58 |        0:01:00 |     0     0    20    0.0 |
|     FIS/USDT |     19 |          -0.19 |          -3.54 |           -57.814 |          -0.58 |        0:01:00 |     0     0    19    0.0 |
|     BNT/USDT |     20 |          -0.15 |          -3.07 |           -58.002 |          -0.58 |        0:01:00 |     1     0    19    5.0 |
|     CVC/USDT |     17 |          -0.22 |          -3.72 |           -62.655 |          -0.63 |        0:01:00 |     0     0    17    0.0 |
|     CLV/USDT |     16 |          -0.22 |          -3.54 |           -63.413 |          -0.63 |        0:01:00 |     0     0    16    0.0 |
|     FXS/USDT |     18 |          -0.20 |          -3.67 |           -63.834 |          -0.64 |        0:01:00 |     1     0    17    5.6 |
|    CTXC/USDT |     17 |          -0.21 |          -3.64 |           -65.113 |          -0.65 |        0:01:00 |     0     0    17    0.0 |
|  BADGER/USDT |     12 |          -0.33 |          -3.93 |           -65.140 |          -0.65 |        0:01:00 |     0     0    12    0.0 |
|    DUSK/USDT |     22 |          -0.17 |          -3.70 |           -65.781 |          -0.66 |        0:01:00 |     0     0    22    0.0 |
|     CHZ/USDT |     18 |          -0.19 |          -3.36 |           -66.140 |          -0.66 |        0:01:00 |     2     0    16   11.1 |
|    BOND/USDT |     19 |          -0.21 |          -4.07 |           -69.731 |          -0.70 |        0:01:00 |     1     0    18    5.3 |
|     DCR/USDT |     16 |          -0.26 |          -4.24 |           -70.430 |          -0.70 |        0:01:00 |     0     0    16    0.0 |
|    CTSI/USDT |     21 |          -0.21 |          -4.42 |           -74.371 |          -0.74 |        0:01:00 |     0     0    21    0.0 |
|    DEXE/USDT |     16 |          -0.28 |          -4.53 |           -75.647 |          -0.76 |        0:02:00 |     2     0    14   12.5 |
|     BTG/USDT |     19 |          -0.23 |          -4.43 |           -79.409 |          -0.79 |        0:01:00 |     0     0    19    0.0 |
|     CHR/USDT |     23 |          -0.20 |          -4.63 |           -79.539 |          -0.80 |        0:01:00 |     2     0    21    8.7 |
|    FLUX/USDT |     20 |          -0.23 |          -4.64 |           -79.707 |          -0.80 |        0:01:00 |     0     0    20    0.0 |
|    AGLD/USDT |     22 |          -0.21 |          -4.72 |           -82.053 |          -0.82 |        0:02:00 |     2     0    20    9.1 |
|    FIRO/USDT |     17 |          -0.26 |          -4.42 |           -82.251 |          -0.82 |        0:01:00 |     0     0    17    0.0 |
|     FLM/USDT |     23 |          -0.23 |          -5.32 |           -90.605 |          -0.91 |        0:01:00 |     0     0    23    0.0 |
|    DREP/USDT |     26 |          -0.20 |          -5.20 |           -90.817 |          -0.91 |        0:01:00 |     1     0    25    3.8 |
|     CVP/USDT |     28 |          -0.19 |          -5.22 |           -91.583 |          -0.92 |        0:01:00 |     0     0    28    0.0 |
|   FRONT/USDT |     22 |          -0.24 |          -5.18 |           -92.884 |          -0.93 |        0:01:00 |     0     0    22    0.0 |
|    AUTO/USDT |     30 |          -0.19 |          -5.80 |           -95.938 |          -0.96 |        0:01:00 |     1     0    29    3.3 |
|     ADX/USDT |     27 |          -0.20 |          -5.39 |           -98.063 |          -0.98 |        0:01:00 |     1     0    26    3.7 |
|     CVX/USDT |     39 |          -0.16 |          -6.21 |          -102.789 |          -1.03 |        0:02:00 |     1     0    38    2.6 |
|    DOCK/USDT |     28 |          -0.21 |          -5.87 |          -103.419 |          -1.03 |        0:01:00 |     0     0    28    0.0 |
|     ACH/USDT |     24 |          -0.24 |          -5.68 |          -104.448 |          -1.04 |        0:01:00 |     0     0    24    0.0 |
|  ALPACA/USDT |     26 |          -0.22 |          -5.66 |          -105.295 |          -1.05 |        0:01:00 |     1     0    25    3.8 |
|     ASR/USDT |     26 |          -0.23 |          -6.11 |          -107.428 |          -1.07 |        0:01:00 |     1     0    25    3.8 |
|    DATA/USDT |     28 |          -0.21 |          -5.89 |          -113.005 |          -1.13 |        0:01:00 |     0     0    28    0.0 |
|     AVA/USDT |     29 |          -0.23 |          -6.80 |          -123.809 |          -1.24 |        0:01:00 |     2     0    27    6.9 |
|        TOTAL |   1548 |          -0.20 |        -311.12 |         -5375.736 |         -53.76 |        0:01:00 |    46     0  1502    3.0 |
========================================================= ENTER TAG STATS ===========================================================
|   TAG |   Buys |   Avg Profit % |   Cum Profit % |   Tot Profit USDT |   Tot Profit % |   Avg Duration |   Win  Draw  Loss  Win%  |
|-------+--------+----------------+----------------+-------------------+----------------+----------------+--------------------------|
| TOTAL |   1548 |          -0.20 |        -311.12 |         -5375.736 |         -53.76 |        0:01:00 |    46     0  1502    3.0 |
=====================================================+== EXIT REASON STATS ========================================================
|        Exit Reason |   Exits |   Win  Draws  Loss  Win%  |   Avg Profit % |   Cum Profit % |   Tot Profit USDT |   Tot Profit % |
|--------------------+---------+---------------------------+----------------+----------------+-------------------+----------------|
| my_stoploss_signal |    1501 |     0     0  1501    0.0  |          -0.22 |        -329.55 |         -5693.031 |         -82.39 |
| candle_sell_signal |      38 |    38     0     0  100.0  |           0.24 |           8.93 |           156.748 |           2.23 |
|        exit_signal |       7 |     6     0     1   85.7  |           0.79 |           5.50 |            82.529 |           1.37 |
|                roi |       2 |     2     0     0  100.0  |           2.00 |           4.00 |            78.018 |           1.00 |
====================================================== LEFT OPEN TRADES REPORT =======================================================
|   Pair |   Buys |   Avg Profit % |   Cum Profit % |   Tot Profit USDT |   Tot Profit % |   Avg Duration |   Win  Draw  Loss  Win%  |
|--------+--------+----------------+----------------+-------------------+----------------+----------------+--------------------------|
|  TOTAL |      0 |           0.00 |           0.00 |             0.000 |           0.00 |           0:00 |     0     0     0    0.0 |
================== SUMMARY METRICS ==================
| Metric                      | Value               |
|-----------------------------+---------------------|
| Backtesting from            | 2022-08-23 00:00:00 |
| Backtesting to              | 2022-09-02 19:56:00 |
| Max open trades             | 4                   |
|                             |                     |
| Total/Daily Avg Trades      | 1548 / 154.8        |
| Starting balance            | 10000 USDT          |
| Final balance               | 4624.264 USDT       |
| Absolute profit             | -5375.736 USDT      |
| Total profit %              | -53.76%             |
| CAGR %                      | -100.0%             |
| Trades per day              | 154.8               |
| Avg. daily profit %         | -5.38%              |
| Avg. stake amount           | 1722.139 USDT       |
| Total trade volume          | 2665871.851 USDT    |
|                             |                     |
| Best Pair                   | FORTH/USDT -0.22%   |
| Worst Pair                  | AVA/USDT -6.8%      |
| Best trade                  | BURGER/USDT 2.0%    |
| Worst trade                 | DEXE/USDT -1.61%    |
| Best day                    | -206.629 USDT       |
| Worst day                   | -687.387 USDT       |
| Days win/draw/lose          | 0 / 0 / 11          |
| Avg. Duration Winners       | 0:05:00             |
| Avg. Duration Loser         | 0:01:00             |
| Rejected Entry signals      | 4262                |
| Entry/Exit Timeouts         | 0 / 0               |
|                             |                     |
| Min balance                 | 4624.264 USDT       |
| Max balance                 | 10043.765 USDT      |
| Max % of account underwater | 53.96%              |
| Absolute Drawdown (Account) | 53.96%              |
| Absolute Drawdown           | 5419.501 USDT       |
| Drawdown high               | 43.765 USDT         |
| Drawdown low                | -5375.736 USDT      |
| Drawdown Start              | 2022-08-23 04:40:00 |
| Drawdown End                | 2022-09-02 19:35:00 |
| Market change               | -4.36%              |
=====================================================