============================================================= BACKTESTING REPORT ===========================================================
|       Pair   |   Buys |   Avg Profit % |   Cum Profit % |   Tot Profit USDT |   Tot Profit % |   Avg Duration |   Win  Draw  Loss  Win%  |
|--------------+--------+----------------+----------------+-------------------+----------------+----------------+--------------------------|
|    CITY/USDT |      7 |           1.03 |           7.23 |           234.718 |           2.35 |        1:26:00 |     5     0     2   71.4 |
|    DEXE/USDT |      6 |           1.33 |           7.97 |           225.662 |           2.26 |        0:50:00 |     4     0     2   66.7 |
|     AVA/USDT |     16 |           0.46 |           7.42 |           224.466 |           2.24 |        2:00:00 |     9     0     7   56.2 |
|     BLZ/USDT |      4 |           1.49 |           5.96 |           182.585 |           1.83 |        0:45:00 |     3     0     1   75.0 |
|     CHZ/USDT |      3 |           1.90 |           5.71 |           172.319 |           1.72 |        0:55:00 |     3     0     0  100.0 |
|     ATM/USDT |     12 |           0.36 |           4.29 |           134.014 |           1.34 |        3:02:00 |     7     0     5   58.3 |
|  BURGER/USDT |      4 |           1.08 |           4.31 |           125.949 |           1.26 |        1:14:00 |     4     0     0  100.0 |
|    CTSI/USDT |      2 |           2.09 |           4.19 |           125.721 |           1.26 |        1:32:00 |     2     0     0  100.0 |
|    AION/USDT |      7 |           0.50 |           3.50 |           102.918 |           1.03 |        1:48:00 |     5     0     2   71.4 |
|     BCH/USDT |      2 |           1.47 |           2.95 |            93.327 |           0.93 |        1:00:00 |     2     0     0  100.0 |
|     BNB/USDT |      3 |           1.00 |           3.00 |            92.990 |           0.93 |        5:22:00 |     3     0     0  100.0 |
|     ATA/USDT |      4 |           0.63 |           2.54 |            84.671 |           0.85 |        1:19:00 |     3     0     1   75.0 |
|    BAKE/USDT |      5 |           0.53 |           2.67 |            82.081 |           0.82 |        1:38:00 |     4     0     1   80.0 |
|     ANT/USDT |      2 |           1.31 |           2.62 |            77.310 |           0.77 |        1:24:00 |     2     0     0  100.0 |
|    FLUX/USDT |      5 |           0.46 |           2.32 |            64.858 |           0.65 |        1:21:00 |     3     0     2   60.0 |
|     FET/USDT |      2 |           1.10 |           2.20 |            64.812 |           0.65 |        1:14:00 |     2     0     0  100.0 |
|    DYDX/USDT |      2 |           1.00 |           2.00 |            63.727 |           0.64 |        2:00:00 |     2     0     0  100.0 |
|   FORTH/USDT |      1 |           1.84 |           1.84 |            57.135 |           0.57 |        1:00:00 |     1     0     0  100.0 |
|   COCOS/USDT |      3 |           0.38 |           1.15 |            35.685 |           0.36 |        3:03:00 |     2     0     1   66.7 |
|    FIRO/USDT |      3 |           0.38 |           1.13 |            35.399 |           0.35 |        1:21:00 |     2     0     1   66.7 |
|     FXS/USDT |      4 |           0.27 |           1.10 |            33.340 |           0.33 |        3:47:00 |     3     0     1   75.0 |
|     BTG/USDT |      1 |           1.00 |           1.00 |            32.645 |           0.33 |        3:32:00 |     1     0     0  100.0 |
|    CELR/USDT |      1 |           1.00 |           1.00 |            32.577 |           0.33 |        1:48:00 |     1     0     0  100.0 |
|     BTS/USDT |      3 |           0.29 |           0.88 |            31.331 |           0.31 |        5:44:00 |     1     0     2   33.3 |
|    FARM/USDT |      1 |           1.00 |           1.00 |            30.824 |           0.31 |        4:25:00 |     1     0     0  100.0 |
|    DASH/USDT |      1 |           1.00 |           1.00 |            30.683 |           0.31 |        5:36:00 |     1     0     0  100.0 |
|    ANKR/USDT |      1 |           1.00 |           1.00 |            29.396 |           0.29 |        3:09:00 |     1     0     0  100.0 |
|    DEGO/USDT |      1 |           1.00 |           1.00 |            29.055 |           0.29 |        1:10:00 |     1     0     0  100.0 |
|    ALGO/USDT |      3 |           0.28 |           0.85 |            23.187 |           0.23 |        4:13:00 |     2     0     1   66.7 |
|   CHESS/USDT |      2 |           0.29 |           0.58 |            21.620 |           0.22 |        1:43:00 |     1     0     1   50.0 |
|     DGB/USDT |      2 |           0.22 |           0.43 |            11.641 |           0.12 |        0:59:00 |     1     0     1   50.0 |
|   ALPHA/USDT |      4 |           0.03 |           0.10 |             7.177 |           0.07 |        1:06:00 |     2     0     2   50.0 |
|      DF/USDT |      2 |           0.09 |           0.19 |             3.914 |           0.04 |        3:15:00 |     1     0     1   50.0 |
|    ARPA/USDT |      2 |          -0.02 |          -0.04 |             1.340 |           0.01 |        5:09:00 |     1     0     1   50.0 |
|    AVAX/USDT |      0 |           0.00 |           0.00 |             0.000 |           0.00 |           0:00 |     0     0     0    0.0 |
|     BAL/USDT |      0 |           0.00 |           0.00 |             0.000 |           0.00 |           0:00 |     0     0     0    0.0 |
|     BAT/USDT |      0 |           0.00 |           0.00 |             0.000 |           0.00 |           0:00 |     0     0     0    0.0 |
|     C98/USDT |      0 |           0.00 |           0.00 |             0.000 |           0.00 |           0:00 |     0     0     0    0.0 |
|    CELO/USDT |      0 |           0.00 |           0.00 |             0.000 |           0.00 |           0:00 |     0     0     0    0.0 |
|     CHR/USDT |      0 |           0.00 |           0.00 |             0.000 |           0.00 |           0:00 |     0     0     0    0.0 |
|     CLV/USDT |      0 |           0.00 |           0.00 |             0.000 |           0.00 |           0:00 |     0     0     0    0.0 |
|    COTI/USDT |      0 |           0.00 |           0.00 |             0.000 |           0.00 |           0:00 |     0     0     0    0.0 |
|     CVC/USDT |      0 |           0.00 |           0.00 |             0.000 |           0.00 |           0:00 |     0     0     0    0.0 |
|     DAR/USDT |      0 |           0.00 |           0.00 |             0.000 |           0.00 |           0:00 |     0     0     0    0.0 |
|    DOCK/USDT |      0 |           0.00 |           0.00 |             0.000 |           0.00 |           0:00 |     0     0     0    0.0 |
|     DOT/USDT |      0 |           0.00 |           0.00 |             0.000 |           0.00 |           0:00 |     0     0     0    0.0 |
|    DUSK/USDT |      0 |           0.00 |           0.00 |             0.000 |           0.00 |           0:00 |     0     0     0    0.0 |
|    EGLD/USDT |      0 |           0.00 |           0.00 |             0.000 |           0.00 |           0:00 |     0     0     0    0.0 |
|     ENJ/USDT |      0 |           0.00 |           0.00 |             0.000 |           0.00 |           0:00 |     0     0     0    0.0 |
|     ENS/USDT |      0 |           0.00 |           0.00 |             0.000 |           0.00 |           0:00 |     0     0     0    0.0 |
|     ERN/USDT |      0 |           0.00 |           0.00 |             0.000 |           0.00 |           0:00 |     0     0     0    0.0 |
|     ETC/USDT |      0 |           0.00 |           0.00 |             0.000 |           0.00 |           0:00 |     0     0     0    0.0 |
|     ETH/USDT |      0 |           0.00 |           0.00 |             0.000 |           0.00 |           0:00 |     0     0     0    0.0 |
|     FIL/USDT |      0 |           0.00 |           0.00 |             0.000 |           0.00 |           0:00 |     0     0     0    0.0 |
|     FLM/USDT |      0 |           0.00 |           0.00 |             0.000 |           0.00 |           0:00 |     0     0     0    0.0 |
|     FTM/USDT |      0 |           0.00 |           0.00 |             0.000 |           0.00 |           0:00 |     0     0     0    0.0 |
|     FTT/USDT |      0 |           0.00 |           0.00 |             0.000 |           0.00 |           0:00 |     0     0     0    0.0 |
|    BETA/USDT |      2 |          -0.05 |          -0.09 |            -0.100 |          -0.00 |        4:10:00 |     1     0     1   50.0 |
|    ARDR/USDT |      2 |          -0.07 |          -0.14 |            -1.798 |          -0.02 |        2:02:00 |     1     0     1   50.0 |
|    DOGE/USDT |      1 |          -0.10 |          -0.10 |            -2.907 |          -0.03 |        0:04:00 |     0     0     1    0.0 |
|     COS/USDT |      2 |          -0.07 |          -0.14 |            -5.288 |          -0.05 |        1:55:00 |     1     0     1   50.0 |
|   ALICE/USDT |      4 |          -0.03 |          -0.12 |            -7.367 |          -0.07 |        3:38:00 |     2     0     2   50.0 |
|     CFX/USDT |      4 |          -0.07 |          -0.30 |            -7.429 |          -0.07 |        3:29:00 |     2     0     2   50.0 |
|     AXS/USDT |      2 |          -0.14 |          -0.29 |            -8.068 |          -0.08 |        4:29:00 |     1     0     1   50.0 |
|     BAR/USDT |     10 |          -0.02 |          -0.16 |           -19.692 |          -0.20 |        1:02:00 |     4     0     6   40.0 |
|     ADA/USDT |      7 |          -0.09 |          -0.63 |           -22.148 |          -0.22 |        2:55:00 |     3     0     4   42.9 |
|     CVP/USDT |      2 |          -0.41 |          -0.82 |           -24.961 |          -0.25 |        3:34:00 |     1     0     1   50.0 |
|    CTXC/USDT |      3 |          -0.30 |          -0.90 |           -26.183 |          -0.26 |        1:50:00 |     1     0     2   33.3 |
|    AGLD/USDT |      5 |          -0.18 |          -0.90 |           -29.357 |          -0.29 |        1:39:00 |     2     0     3   40.0 |
|    DODO/USDT |      1 |          -1.02 |          -1.02 |           -29.455 |          -0.29 |        1:18:00 |     0     0     1    0.0 |
|     BTC/USDT |      1 |          -1.03 |          -1.03 |           -30.056 |          -0.30 |        2:09:00 |     0     0     1    0.0 |
|     ELF/USDT |      1 |          -1.04 |          -1.04 |           -30.069 |          -0.30 |        1:11:00 |     0     0     1    0.0 |
|    FLOW/USDT |      1 |          -1.03 |          -1.03 |           -30.824 |          -0.31 |        3:08:00 |     0     0     1    0.0 |
|    DENT/USDT |      1 |          -1.01 |          -1.01 |           -31.034 |          -0.31 |        3:48:00 |     0     0     1    0.0 |
|     BNT/USDT |      1 |          -1.05 |          -1.05 |           -31.176 |          -0.31 |        3:12:00 |     0     0     1    0.0 |
|     FIS/USDT |      1 |          -1.00 |          -1.00 |           -31.691 |          -0.32 |        1:45:00 |     0     0     1    0.0 |
|     FUN/USDT |      2 |          -0.56 |          -1.12 |           -32.684 |          -0.33 |        8:58:00 |     1     0     1   50.0 |
|     FIO/USDT |      3 |          -0.35 |          -1.06 |           -33.516 |          -0.34 |        1:35:00 |     1     0     2   33.3 |
|   FRONT/USDT |      1 |          -1.02 |          -1.02 |           -34.129 |          -0.34 |        0:47:00 |     0     0     1    0.0 |
|     CVX/USDT |      1 |          -1.17 |          -1.17 |           -34.447 |          -0.34 |        0:37:00 |     0     0     1    0.0 |
|      AR/USDT |      3 |          -0.36 |          -1.07 |           -35.947 |          -0.36 |        1:12:00 |     1     0     2   33.3 |
|    DATA/USDT |      1 |          -1.17 |          -1.17 |           -38.278 |          -0.38 |        1:01:00 |     0     0     1    0.0 |
|    COMP/USDT |      1 |          -1.31 |          -1.31 |           -38.580 |          -0.39 |        0:41:00 |     0     0     1    0.0 |
|     DNT/USDT |      3 |          -0.55 |          -1.65 |           -43.974 |          -0.44 |        2:57:00 |     1     0     2   33.3 |
|    DREP/USDT |      5 |          -0.25 |          -1.25 |           -44.047 |          -0.44 |        3:13:00 |     2     0     3   40.0 |
|     CRV/USDT |      1 |          -1.38 |          -1.38 |           -45.070 |          -0.45 |        2:32:00 |     0     0     1    0.0 |
|   AUDIO/USDT |      1 |          -1.60 |          -1.60 |           -45.538 |          -0.46 |        0:53:00 |     0     0     1    0.0 |
|   1INCH/USDT |     14 |          -0.15 |          -2.11 |           -47.611 |          -0.48 |        1:34:00 |     6     0     8   42.9 |
|    AUTO/USDT |      5 |          -0.33 |          -1.65 |           -49.383 |          -0.49 |        2:21:00 |     2     0     3   40.0 |
| AUCTION/USDT |      6 |          -0.26 |          -1.55 |           -51.396 |          -0.51 |        1:18:00 |     2     0     4   33.3 |
|    BOND/USDT |      7 |          -0.23 |          -1.64 |           -53.654 |          -0.54 |        2:08:00 |     3     0     4   42.9 |
|    BICO/USDT |      7 |          -0.30 |          -2.09 |           -59.090 |          -0.59 |        1:41:00 |     2     0     5   28.6 |
|  BADGER/USDT |      5 |          -0.35 |          -1.77 |           -59.501 |          -0.60 |        0:59:00 |     2     0     3   40.0 |
|     FOR/USDT |      2 |          -1.06 |          -2.13 |           -63.159 |          -0.63 |        0:34:00 |     0     0     2    0.0 |
|    CAKE/USDT |      4 |          -0.55 |          -2.18 |           -64.484 |          -0.64 |        0:55:00 |     1     0     3   25.0 |
|    ATOM/USDT |      2 |          -1.17 |          -2.34 |           -68.467 |          -0.68 |        0:56:00 |     0     0     2    0.0 |
|     BEL/USDT |      4 |          -0.58 |          -2.34 |           -71.724 |          -0.72 |        1:30:00 |     1     0     3   25.0 |
|     CKB/USDT |      4 |          -0.63 |          -2.52 |           -77.273 |          -0.77 |        3:34:00 |     1     0     3   25.0 |
|    ALCX/USDT |      4 |          -0.65 |          -2.60 |           -81.678 |          -0.82 |        2:02:00 |     1     0     3   25.0 |
|     BNX/USDT |      9 |          -0.27 |          -2.41 |           -82.422 |          -0.82 |        3:07:00 |     3     0     6   33.3 |
|     ADX/USDT |     16 |          -0.18 |          -2.89 |           -90.733 |          -0.91 |        1:27:00 |     6     0    10   37.5 |
|    FIDA/USDT |      3 |          -1.02 |          -3.05 |           -91.796 |          -0.92 |        2:29:00 |     0     0     3    0.0 |
|    AAVE/USDT |      9 |          -0.35 |          -3.16 |           -92.734 |          -0.93 |        1:40:00 |     3     0     6   33.3 |
|     DIA/USDT |      5 |          -0.63 |          -3.16 |           -94.302 |          -0.94 |        1:28:00 |     1     0     4   20.0 |
|     EOS/USDT |      3 |          -1.09 |          -3.28 |          -106.633 |          -1.07 |        0:59:00 |     0     0     3    0.0 |
|     CTK/USDT |      3 |          -1.36 |          -4.08 |          -120.553 |          -1.21 |        0:42:00 |     1     0     2   33.3 |
|     AMP/USDT |      5 |          -0.81 |          -4.04 |          -124.838 |          -1.25 |        1:29:00 |     1     0     4   20.0 |
|    BAND/USDT |      3 |          -1.36 |          -4.08 |          -126.668 |          -1.27 |        1:27:00 |     0     0     3    0.0 |
|     ACM/USDT |     12 |          -0.31 |          -3.73 |          -132.196 |          -1.32 |        1:30:00 |     4     0     8   33.3 |
|    AKRO/USDT |      9 |          -0.45 |          -4.04 |          -133.882 |          -1.34 |        2:18:00 |     3     0     6   33.3 |
|     DCR/USDT |      6 |          -0.90 |          -5.43 |          -179.567 |          -1.80 |        1:26:00 |     1     0     5   16.7 |
|  ALPACA/USDT |      8 |          -0.84 |          -6.74 |          -200.308 |          -2.00 |        1:05:00 |     1     0     7   12.5 |
|    BEAM/USDT |      4 |          -1.64 |          -6.54 |          -202.708 |          -2.03 |        0:39:00 |     0     0     4    0.0 |
|     ACH/USDT |     11 |          -0.64 |          -7.07 |          -224.512 |          -2.25 |        2:35:00 |     3     0     8   27.3 |
|     ASR/USDT |     21 |          -0.49 |         -10.39 |          -336.357 |          -3.36 |        1:09:00 |     6     0    15   28.6 |
|        TOTAL |    385 |          -0.10 |         -39.50 |         -1284.364 |         -12.84 |        1:58:00 |   165     0   220   42.9 |
========================================================= ENTER TAG STATS ===========================================================
|   TAG |   Buys |   Avg Profit % |   Cum Profit % |   Tot Profit USDT |   Tot Profit % |   Avg Duration |   Win  Draw  Loss  Win%  |
|-------+--------+----------------+----------------+-------------------+----------------+----------------+--------------------------|
| TOTAL |    385 |          -0.10 |         -39.50 |         -1284.364 |         -12.84 |        1:58:00 |   165     0   220   42.9 |
=====================================================+== EXIT REASON STATS ========================================================
|        Exit Reason |   Exits |   Win  Draws  Loss  Win%  |   Avg Profit % |   Cum Profit % |   Tot Profit USDT |   Tot Profit % |
|--------------------+---------+---------------------------+----------------+----------------+-------------------+----------------|
| my_stoploss_signal |     217 |     0     0   217    0.0  |          -1.22 |        -264.40 |         -8133.157 |         -88.13 |
|                roi |     162 |   162     0     0  100.0  |           1.33 |         216.05 |          6573.997 |          72.02 |
| candle_sell_signal |       3 |     3     0     0  100.0  |           3.24 |           9.71 |           299.752 |           3.24 |
|         force_exit |       3 |     0     0     3    0.0  |          -0.29 |          -0.86 |           -24.956 |          -0.29 |
====================================================== LEFT OPEN TRADES REPORT =======================================================
|   Pair |   Buys |   Avg Profit % |   Cum Profit % |   Tot Profit USDT |   Tot Profit % |   Avg Duration |   Win  Draw  Loss  Win%  |
|--------+--------+----------------+----------------+-------------------+----------------+----------------+--------------------------|
| DOGE/USDT |      1 |          -0.10 |          -0.10 |            -2.907 |          -0.03 |        0:04:00 |     0     0     1    0.0 |
================== SUMMARY METRICS ==================
| Metric                      | Value               |
|-----------------------------+---------------------|
| Backtesting from            | 2022-08-23 00:00:00 |
| Backtesting to              | 2022-09-02 19:56:00 |
| Max open trades             | 3                   |
|                             |                     |
| Total/Daily Avg Trades      | 385 / 38.5          |
| Starting balance            | 10000 USDT          |
| Final balance               | 8715.636 USDT       |
| Absolute profit             | -1284.364 USDT      |
| Total profit %              | -12.84%             |
| CAGR %                      | -99.34%             |
| Trades per day              | 38.5                |
| Avg. daily profit %         | -1.28%              |
| Avg. stake amount           | 3064.379 USDT       |
| Total trade volume          | 1179785.748 USDT    |
|                             |                     |
| Best Pair                   | DEXE/USDT 7.97%     |
| Worst Pair                  | ASR/USDT -10.39%    |
| Best trade                  | CITY/USDT 4.24%     |
| Worst trade                 | CTK/USDT -4.09%     |
| Best day                    | 1014.469 USDT       |
| Worst day                   | -1041.686 USDT      |
| Days win/draw/lose          | 4 / 0 / 7           |
| Avg. Duration Winners       | 2:17:00             |
| Avg. Duration Loser         | 1:44:00             |
| Rejected Entry signals      | 1665299             |
| Entry/Exit Timeouts         | 0 / 0               |
|                             |                     |
| Min balance                 | 8417.534 USDT       |
| Max balance                 | 10208.507 USDT      |
| Max % of account underwater | 17.54%              |
| Absolute Drawdown (Account) | 17.54%              |
| Absolute Drawdown           | 1790.973 USDT       |
| Drawdown high               | 208.507 USDT        |
| Drawdown low                | -1582.466 USDT      |
| Drawdown Start              | 2022-08-24 16:38:00 |
| Drawdown End                | 2022-08-29 00:17:00 |
| Market change               | -4.36%              |
=====================================================