============================================================= BACKTESTING REPORT ===========================================================
|       Pair   |   Buys |   Avg Profit % |   Cum Profit % |   Tot Profit USDT |   Tot Profit % |   Avg Duration |   Win  Draw  Loss  Win%  |
|--------------+--------+----------------+----------------+-------------------+----------------+----------------+--------------------------|
|  BURGER/USDT |     12 |          -0.07 |          -0.83 |            11.681 |           0.12 |        0:01:00 |     1     0    11    8.3 |
|     BLZ/USDT |      5 |          -0.10 |          -0.50 |            -0.881 |          -0.01 |        0:02:00 |     2     0     3   40.0 |
|    DOGE/USDT |      2 |          -0.12 |          -0.24 |            -4.233 |          -0.04 |        0:01:00 |     0     0     2    0.0 |
|     DAR/USDT |      1 |          -0.28 |          -0.28 |            -5.395 |          -0.05 |        0:01:00 |     0     0     1    0.0 |
|    BICO/USDT |     10 |          -0.08 |          -0.79 |           -10.020 |          -0.10 |        0:01:00 |     1     0     9   10.0 |
|     BTC/USDT |      3 |          -0.21 |          -0.63 |           -11.266 |          -0.11 |        0:01:00 |     0     0     3    0.0 |
|    DASH/USDT |      4 |          -0.20 |          -0.80 |           -11.883 |          -0.12 |        0:01:00 |     0     0     4    0.0 |
|     ETH/USDT |      4 |          -0.15 |          -0.62 |           -12.752 |          -0.13 |        0:01:00 |     0     0     4    0.0 |
|   FORTH/USDT |      7 |          -0.03 |          -0.22 |           -12.797 |          -0.13 |        0:02:00 |     1     0     6   14.3 |
|     AXS/USDT |      5 |          -0.14 |          -0.72 |           -13.169 |          -0.13 |        0:01:00 |     1     0     4   20.0 |
|    CELR/USDT |      5 |          -0.20 |          -1.01 |           -15.389 |          -0.15 |        0:01:00 |     0     0     5    0.0 |
|      DF/USDT |      4 |          -0.20 |          -0.80 |           -16.534 |          -0.17 |        0:02:00 |     0     0     4    0.0 |
|     CRV/USDT |     11 |          -0.04 |          -0.41 |           -16.650 |          -0.17 |        0:02:00 |     1     0    10    9.1 |
|     BEL/USDT |      6 |          -0.15 |          -0.91 |           -16.784 |          -0.17 |        0:01:00 |     0     0     6    0.0 |
|    BAKE/USDT |      4 |          -0.20 |          -0.80 |           -17.772 |          -0.18 |        0:01:00 |     0     0     4    0.0 |
|     FTT/USDT |      5 |          -0.20 |          -1.00 |           -19.432 |          -0.19 |        0:01:00 |     0     0     5    0.0 |
|     ENJ/USDT |      4 |          -0.20 |          -0.78 |           -20.446 |          -0.20 |        0:01:00 |     0     0     4    0.0 |
|     ETC/USDT |      5 |          -0.18 |          -0.88 |           -21.718 |          -0.22 |        0:01:00 |     0     0     5    0.0 |
|    ALCX/USDT |      5 |          -0.20 |          -1.00 |           -23.036 |          -0.23 |        0:01:00 |     0     0     5    0.0 |
|     COS/USDT |      8 |          -0.16 |          -1.32 |           -24.588 |          -0.25 |        0:01:00 |     0     0     8    0.0 |
|     CFX/USDT |      9 |          -0.18 |          -1.62 |           -24.928 |          -0.25 |        0:01:00 |     0     0     9    0.0 |
|     BAR/USDT |      9 |          -0.17 |          -1.51 |           -25.313 |          -0.25 |        0:01:00 |     1     0     8   11.1 |
| AUCTION/USDT |     10 |          -0.15 |          -1.46 |           -25.347 |          -0.25 |        0:02:00 |     1     0     9   10.0 |
|     CKB/USDT |      5 |          -0.25 |          -1.23 |           -25.468 |          -0.25 |        0:01:00 |     0     0     5    0.0 |
|   COCOS/USDT |      7 |          -0.20 |          -1.37 |           -26.521 |          -0.27 |        0:01:00 |     0     0     7    0.0 |
|    DENT/USDT |      6 |          -0.17 |          -1.01 |           -26.639 |          -0.27 |        0:01:00 |     0     0     6    0.0 |
|    DYDX/USDT |      7 |          -0.19 |          -1.34 |           -26.713 |          -0.27 |        0:01:00 |     0     0     7    0.0 |
|     ACM/USDT |      7 |          -0.18 |          -1.24 |           -27.761 |          -0.28 |        0:01:00 |     0     0     7    0.0 |
|   CHESS/USDT |      5 |          -0.26 |          -1.32 |           -29.948 |          -0.30 |        0:01:00 |     0     0     5    0.0 |
|    EGLD/USDT |      8 |          -0.19 |          -1.52 |           -30.250 |          -0.30 |        0:01:00 |     0     0     8    0.0 |
|    COMP/USDT |      7 |          -0.18 |          -1.27 |           -32.113 |          -0.32 |        0:01:00 |     0     0     7    0.0 |
|    CELO/USDT |      8 |          -0.25 |          -1.96 |           -32.673 |          -0.33 |        0:01:00 |     0     0     8    0.0 |
|    ALGO/USDT |      9 |          -0.20 |          -1.80 |           -33.228 |          -0.33 |        0:01:00 |     0     0     9    0.0 |
|    ATOM/USDT |      8 |          -0.17 |          -1.34 |           -35.287 |          -0.35 |        0:01:00 |     0     0     8    0.0 |
|     DNT/USDT |      8 |          -0.26 |          -2.05 |           -36.239 |          -0.36 |        0:01:00 |     0     0     8    0.0 |
|     BTS/USDT |      9 |          -0.20 |          -1.78 |           -36.320 |          -0.36 |        0:01:00 |     0     0     9    0.0 |
|     ENS/USDT |     10 |          -0.18 |          -1.78 |           -40.216 |          -0.40 |        0:01:00 |     1     0     9   10.0 |
|    BEAM/USDT |     12 |          -0.17 |          -2.00 |           -40.305 |          -0.40 |        0:01:00 |     0     0    12    0.0 |
|      AR/USDT |      9 |          -0.24 |          -2.17 |           -41.123 |          -0.41 |        0:01:00 |     0     0     9    0.0 |
|    DEGO/USDT |     14 |          -0.16 |          -2.17 |           -41.621 |          -0.42 |        0:01:00 |     0     0    14    0.0 |
|     FUN/USDT |     10 |          -0.19 |          -1.88 |           -42.100 |          -0.42 |        0:01:00 |     0     0    10    0.0 |
|     ATA/USDT |     14 |          -0.17 |          -2.39 |           -42.130 |          -0.42 |        0:01:00 |     0     0    14    0.0 |
|     FTM/USDT |      7 |          -0.25 |          -1.73 |           -42.786 |          -0.43 |        0:01:00 |     0     0     7    0.0 |
|    FARM/USDT |      8 |          -0.28 |          -2.27 |           -42.821 |          -0.43 |        0:01:00 |     0     0     8    0.0 |
|     FOR/USDT |     11 |          -0.18 |          -1.99 |           -42.887 |          -0.43 |        0:01:00 |     0     0    11    0.0 |
|     ATM/USDT |     10 |          -0.20 |          -2.00 |           -43.839 |          -0.44 |        0:01:00 |     0     0    10    0.0 |
|     EOS/USDT |     10 |          -0.18 |          -1.78 |           -44.438 |          -0.44 |        0:01:00 |     1     0     9   10.0 |
|     ADA/USDT |      9 |          -0.20 |          -1.80 |           -44.573 |          -0.45 |        0:01:00 |     0     0     9    0.0 |
|     FIO/USDT |     10 |          -0.20 |          -1.99 |           -44.863 |          -0.45 |        0:02:00 |     1     0     9   10.0 |
|   ALPHA/USDT |     13 |          -0.21 |          -2.76 |           -45.255 |          -0.45 |        0:01:00 |     0     0    13    0.0 |
|   AUDIO/USDT |      4 |          -0.43 |          -1.74 |           -46.725 |          -0.47 |        0:01:00 |     0     0     4    0.0 |
|    BAND/USDT |     13 |          -0.16 |          -2.11 |           -46.789 |          -0.47 |        0:01:00 |     1     0    12    7.7 |
|     ERN/USDT |     13 |          -0.23 |          -2.98 |           -47.448 |          -0.47 |        0:01:00 |     0     0    13    0.0 |
|    AVAX/USDT |     12 |          -0.24 |          -2.83 |           -47.756 |          -0.48 |        0:01:00 |     0     0    12    0.0 |
|     FET/USDT |     14 |          -0.17 |          -2.45 |           -47.827 |          -0.48 |        0:02:00 |     1     0    13    7.1 |
|   1INCH/USDT |     11 |          -0.23 |          -2.50 |           -48.335 |          -0.48 |        0:01:00 |     0     0    11    0.0 |
|    DODO/USDT |     11 |          -0.19 |          -2.06 |           -48.622 |          -0.49 |        0:01:00 |     0     0    11    0.0 |
|    FIDA/USDT |     12 |          -0.21 |          -2.57 |           -48.661 |          -0.49 |        0:01:00 |     0     0    12    0.0 |
|     BAT/USDT |     11 |          -0.22 |          -2.42 |           -48.801 |          -0.49 |        0:01:00 |     0     0    11    0.0 |
|    ANKR/USDT |      9 |          -0.23 |          -2.03 |           -49.530 |          -0.50 |        0:01:00 |     0     0     9    0.0 |
|   ALICE/USDT |     15 |          -0.18 |          -2.75 |           -49.899 |          -0.50 |        0:01:00 |     1     0    14    6.7 |
|     DOT/USDT |     15 |          -0.17 |          -2.61 |           -50.197 |          -0.50 |        0:01:00 |     1     0    14    6.7 |
|    AAVE/USDT |     13 |          -0.23 |          -2.94 |           -50.793 |          -0.51 |        0:01:00 |     1     0    12    7.7 |
|    ARPA/USDT |     10 |          -0.22 |          -2.23 |           -50.922 |          -0.51 |        0:01:00 |     0     0    10    0.0 |
|    CITY/USDT |     12 |          -0.29 |          -3.44 |           -51.251 |          -0.51 |        0:01:00 |     0     0    12    0.0 |
|     C98/USDT |      9 |          -0.25 |          -2.29 |           -52.516 |          -0.53 |        0:02:00 |     1     0     8   11.1 |
|    AKRO/USDT |     12 |          -0.20 |          -2.40 |           -52.784 |          -0.53 |        0:02:00 |     0     0    12    0.0 |
|     ANT/USDT |     13 |          -0.21 |          -2.69 |           -54.931 |          -0.55 |        0:01:00 |     0     0    13    0.0 |
|     BNB/USDT |     16 |          -0.18 |          -2.88 |           -55.697 |          -0.56 |        0:01:00 |     1     0    15    6.2 |
|     BAL/USDT |     14 |          -0.20 |          -2.75 |           -56.821 |          -0.57 |        0:01:00 |     1     0    13    7.1 |
|    BETA/USDT |     11 |          -0.20 |          -2.21 |           -58.215 |          -0.58 |        0:01:00 |     1     0    10    9.1 |
|     AMP/USDT |     11 |          -0.21 |          -2.33 |           -58.657 |          -0.59 |        0:01:00 |     0     0    11    0.0 |
|    COTI/USDT |     16 |          -0.17 |          -2.67 |           -58.939 |          -0.59 |        0:01:00 |     0     0    16    0.0 |
|     BNX/USDT |     13 |          -0.24 |          -3.13 |           -59.143 |          -0.59 |        0:01:00 |     0     0    13    0.0 |
|     ELF/USDT |     14 |          -0.20 |          -2.80 |           -59.530 |          -0.60 |        0:01:00 |     0     0    14    0.0 |
|     CTK/USDT |     12 |          -0.23 |          -2.76 |           -59.946 |          -0.60 |        0:01:00 |     0     0    12    0.0 |
|     DGB/USDT |     14 |          -0.20 |          -2.81 |           -60.317 |          -0.60 |        0:01:00 |     0     0    14    0.0 |
|    FLOW/USDT |     13 |          -0.21 |          -2.68 |           -60.739 |          -0.61 |        0:01:00 |     1     0    12    7.7 |
|    ARDR/USDT |     17 |          -0.16 |          -2.76 |           -61.922 |          -0.62 |        0:01:00 |     1     0    16    5.9 |
|     FIL/USDT |     14 |          -0.21 |          -2.95 |           -63.438 |          -0.63 |        0:01:00 |     0     0    14    0.0 |
|     DIA/USDT |     13 |          -0.24 |          -3.12 |           -64.700 |          -0.65 |        0:02:00 |     0     0    13    0.0 |
|     BCH/USDT |     13 |          -0.24 |          -3.13 |           -65.927 |          -0.66 |        0:01:00 |     0     0    13    0.0 |
|     BNT/USDT |     19 |          -0.15 |          -2.87 |           -67.996 |          -0.68 |        0:01:00 |     1     0    18    5.3 |
|     FIS/USDT |     19 |          -0.19 |          -3.54 |           -68.824 |          -0.69 |        0:01:00 |     0     0    19    0.0 |
|    CAKE/USDT |     20 |          -0.17 |          -3.35 |           -69.077 |          -0.69 |        0:01:00 |     0     0    20    0.0 |
|    AION/USDT |     24 |          -0.12 |          -2.96 |           -71.529 |          -0.72 |        0:01:00 |     2     0    22    8.3 |
|    DUSK/USDT |     21 |          -0.16 |          -3.43 |           -72.306 |          -0.72 |        0:01:00 |     0     0    21    0.0 |
|     CLV/USDT |     15 |          -0.22 |          -3.34 |           -74.316 |          -0.74 |        0:01:00 |     0     0    15    0.0 |
|     CVC/USDT |     17 |          -0.22 |          -3.72 |           -74.943 |          -0.75 |        0:01:00 |     0     0    17    0.0 |
|     FXS/USDT |     18 |          -0.20 |          -3.67 |           -77.358 |          -0.77 |        0:01:00 |     1     0    17    5.6 |
|  BADGER/USDT |     12 |          -0.33 |          -3.93 |           -77.488 |          -0.77 |        0:01:00 |     0     0    12    0.0 |
|    CTXC/USDT |     17 |          -0.21 |          -3.64 |           -79.176 |          -0.79 |        0:01:00 |     0     0    17    0.0 |
|     CHZ/USDT |     18 |          -0.19 |          -3.36 |           -82.623 |          -0.83 |        0:01:00 |     2     0    16   11.1 |
|     DCR/USDT |     16 |          -0.26 |          -4.24 |           -83.489 |          -0.83 |        0:01:00 |     0     0    16    0.0 |
|    BOND/USDT |     19 |          -0.21 |          -4.07 |           -83.502 |          -0.84 |        0:01:00 |     1     0    18    5.3 |
|    CTSI/USDT |     21 |          -0.21 |          -4.42 |           -88.579 |          -0.89 |        0:01:00 |     0     0    21    0.0 |
|    DEXE/USDT |     16 |          -0.28 |          -4.53 |           -90.001 |          -0.90 |        0:02:00 |     2     0    14   12.5 |
|     BTG/USDT |     18 |          -0.24 |          -4.23 |           -90.146 |          -0.90 |        0:01:00 |     0     0    18    0.0 |
|    FLUX/USDT |     18 |          -0.24 |          -4.34 |           -91.328 |          -0.91 |        0:02:00 |     0     0    18    0.0 |
|     CHR/USDT |     23 |          -0.20 |          -4.63 |           -95.625 |          -0.96 |        0:01:00 |     2     0    21    8.7 |
|    FIRO/USDT |     17 |          -0.26 |          -4.42 |          -100.640 |          -1.01 |        0:01:00 |     0     0    17    0.0 |
|     FLM/USDT |     22 |          -0.24 |          -5.29 |          -107.802 |          -1.08 |        0:01:00 |     0     0    22    0.0 |
|     CVP/USDT |     27 |          -0.19 |          -5.05 |          -108.187 |          -1.08 |        0:01:00 |     0     0    27    0.0 |
|    DREP/USDT |     26 |          -0.20 |          -5.20 |          -110.063 |          -1.10 |        0:01:00 |     1     0    25    3.8 |
|   FRONT/USDT |     22 |          -0.24 |          -5.18 |          -113.086 |          -1.13 |        0:01:00 |     0     0    22    0.0 |
|    AUTO/USDT |     30 |          -0.19 |          -5.80 |          -113.983 |          -1.14 |        0:01:00 |     1     0    29    3.3 |
|     CVX/USDT |     37 |          -0.16 |          -6.00 |          -118.531 |          -1.19 |        0:02:00 |     1     0    36    2.7 |
|    AGLD/USDT |     21 |          -0.27 |          -5.60 |          -119.817 |          -1.20 |        0:01:00 |     1     0    20    4.8 |
|     ADX/USDT |     27 |          -0.20 |          -5.39 |          -120.965 |          -1.21 |        0:01:00 |     1     0    26    3.7 |
|    DOCK/USDT |     27 |          -0.21 |          -5.67 |          -121.945 |          -1.22 |        0:01:00 |     0     0    27    0.0 |
|     ACH/USDT |     24 |          -0.24 |          -5.68 |          -127.979 |          -1.28 |        0:01:00 |     0     0    24    0.0 |
|  ALPACA/USDT |     26 |          -0.22 |          -5.66 |          -129.662 |          -1.30 |        0:01:00 |     1     0    25    3.8 |
|     ASR/USDT |     26 |          -0.23 |          -6.11 |          -130.783 |          -1.31 |        0:01:00 |     1     0    25    3.8 |
|    DATA/USDT |     28 |          -0.21 |          -5.89 |          -141.116 |          -1.41 |        0:01:00 |     0     0    28    0.0 |
|     AVA/USDT |     29 |          -0.23 |          -6.80 |          -151.644 |          -1.52 |        0:01:00 |     2     0    27    6.9 |
|        TOTAL |   1499 |          -0.20 |        -303.14 |         -6329.057 |         -63.29 |        0:01:00 |    43     0  1456    2.9 |
========================================================= ENTER TAG STATS ===========================================================
|   TAG |   Buys |   Avg Profit % |   Cum Profit % |   Tot Profit USDT |   Tot Profit % |   Avg Duration |   Win  Draw  Loss  Win%  |
|-------+--------+----------------+----------------+-------------------+----------------+----------------+--------------------------|
| TOTAL |   1499 |          -0.20 |        -303.14 |         -6329.057 |         -63.29 |        0:01:00 |    43     0  1456    2.9 |
=====================================================+== EXIT REASON STATS ========================================================
|        Exit Reason |   Exits |   Win  Draws  Loss  Win%  |   Avg Profit % |   Cum Profit % |   Tot Profit USDT |   Tot Profit % |
|--------------------+---------+---------------------------+----------------+----------------+-------------------+----------------|
| my_stoploss_signal |    1455 |     0     0  1455    0.0  |          -0.22 |        -320.33 |         -6684.658 |        -106.78 |
| candle_sell_signal |      36 |    36     0     0  100.0  |           0.24 |           8.57 |           183.542 |           2.86 |
|        exit_signal |       6 |     5     0     1   83.3  |           0.77 |           4.62 |            73.944 |           1.54 |
|                roi |       2 |     2     0     0  100.0  |           2.00 |           4.00 |            98.115 |           1.33 |
====================================================== LEFT OPEN TRADES REPORT =======================================================
|   Pair |   Buys |   Avg Profit % |   Cum Profit % |   Tot Profit USDT |   Tot Profit % |   Avg Duration |   Win  Draw  Loss  Win%  |
|--------+--------+----------------+----------------+-------------------+----------------+----------------+--------------------------|
|  TOTAL |      0 |           0.00 |           0.00 |             0.000 |           0.00 |           0:00 |     0     0     0    0.0 |
================== SUMMARY METRICS ==================
| Metric                      | Value               |
|-----------------------------+---------------------|
| Backtesting from            | 2022-08-23 00:00:00 |
| Backtesting to              | 2022-09-02 19:56:00 |
| Max open trades             | 3                   |
|                             |                     |
| Total/Daily Avg Trades      | 1499 / 149.9        |
| Starting balance            | 10000 USDT          |
| Final balance               | 3670.943 USDT       |
| Absolute profit             | -6329.057 USDT      |
| Total profit %              | -63.29%             |
| CAGR %                      | -100.0%             |
| Trades per day              | 149.9               |
| Avg. daily profit %         | -6.33%              |
| Avg. stake amount           | 2079.239 USDT       |
| Total trade volume          | 3116779.155 USDT    |
|                             |                     |
| Best Pair                   | FORTH/USDT -0.22%   |
| Worst Pair                  | AVA/USDT -6.8%      |
| Best trade                  | BURGER/USDT 2.0%    |
| Worst trade                 | DEXE/USDT -1.61%    |
| Best day                    | -220.362 USDT       |
| Worst day                   | -876.529 USDT       |
| Days win/draw/lose          | 0 / 0 / 11          |
| Avg. Duration Winners       | 0:05:00             |
| Avg. Duration Loser         | 0:01:00             |
| Rejected Entry signals      | 11288               |
| Entry/Exit Timeouts         | 0 / 0               |
|                             |                     |
| Min balance                 | 3670.943 USDT       |
| Max balance                 | 10058.342 USDT      |
| Max % of account underwater | 63.5%               |
| Absolute Drawdown (Account) | 63.5%               |
| Absolute Drawdown           | 6387.399 USDT       |
| Drawdown high               | 58.342 USDT         |
| Drawdown low                | -6329.057 USDT      |
| Drawdown Start              | 2022-08-23 04:40:00 |
| Drawdown End                | 2022-09-02 19:35:00 |
| Market change               | -4.36%              |
=====================================================