============================================================= BACKTESTING REPORT ===========================================================
|       Pair   |   Buys |   Avg Profit % |   Cum Profit % |   Tot Profit USDT |   Tot Profit % |   Avg Duration |   Win  Draw  Loss  Win%  |
|--------------+--------+----------------+----------------+-------------------+----------------+----------------+--------------------------|
|     AVA/USDT |     35 |           0.33 |          11.64 |            83.220 |           0.83 |        1:45:00 |    19     0    16   54.3 |
|     BLZ/USDT |     14 |           0.60 |           8.42 |            74.349 |           0.74 |        0:50:00 |     9     0     5   64.3 |
|   FORTH/USDT |     13 |           0.44 |           5.77 |            59.305 |           0.59 |        1:26:00 |     6     0     7   46.2 |
|    CTSI/USDT |      3 |           1.73 |           5.19 |            44.099 |           0.44 |        2:05:00 |     3     0     0  100.0 |
|     BNB/USDT |      6 |           0.66 |           3.97 |            34.148 |           0.34 |        3:25:00 |     5     0     1   83.3 |
|    COTI/USDT |      6 |           0.68 |           4.09 |            33.618 |           0.34 |        1:34:00 |     5     0     1   83.3 |
|     DAR/USDT |      6 |           0.65 |           3.88 |            31.767 |           0.32 |        1:54:00 |     5     0     1   83.3 |
|    AION/USDT |     28 |           0.10 |           2.72 |            31.487 |           0.31 |        1:49:00 |    15     0    13   53.6 |
|   ALPHA/USDT |     14 |           0.21 |           2.91 |            28.048 |           0.28 |        1:47:00 |     8     0     6   57.1 |
|     FET/USDT |      3 |           1.07 |           3.20 |            26.111 |           0.26 |        1:16:00 |     3     0     0  100.0 |
|    DEGO/USDT |      8 |           0.34 |           2.68 |            25.915 |           0.26 |        3:08:00 |     6     0     2   75.0 |
|     CHZ/USDT |     18 |           0.19 |           3.42 |            25.361 |           0.25 |        1:01:00 |    10     0     8   55.6 |
|     CVC/USDT |      2 |           1.18 |           2.36 |            22.264 |           0.22 |        1:00:00 |     2     0     0  100.0 |
|     ATA/USDT |      7 |           0.33 |           2.33 |            21.375 |           0.21 |        1:38:00 |     5     0     2   71.4 |
|    DOCK/USDT |      2 |           1.02 |           2.04 |            17.879 |           0.18 |        4:53:00 |     2     0     0  100.0 |
|    DYDX/USDT |      4 |           0.48 |           1.91 |            17.376 |           0.17 |        1:35:00 |     3     0     1   75.0 |
|     CVX/USDT |      8 |           0.22 |           1.75 |            14.944 |           0.15 |        1:34:00 |     5     0     3   62.5 |
|    FARM/USDT |      5 |           0.34 |           1.70 |            13.849 |           0.14 |        2:23:00 |     3     0     2   60.0 |
|     BAR/USDT |     22 |           0.08 |           1.83 |             9.304 |           0.09 |        1:26:00 |    11     0    11   50.0 |
|   FRONT/USDT |      3 |           0.33 |           0.98 |             8.841 |           0.09 |        1:29:00 |     2     0     1   66.7 |
|    DASH/USDT |      3 |           0.30 |           0.91 |             7.896 |           0.08 |        3:09:00 |     2     0     1   66.7 |
|     CLV/USDT |      3 |           0.30 |           0.91 |             7.137 |           0.07 |        2:50:00 |     2     0     1   66.7 |
|     DGB/USDT |      6 |           0.06 |           0.35 |             4.276 |           0.04 |        1:02:00 |     3     0     3   50.0 |
|    DEXE/USDT |     13 |           0.06 |           0.84 |             3.829 |           0.04 |        1:18:00 |     5     0     8   38.5 |
|    ALGO/USDT |     18 |           0.02 |           0.28 |             3.362 |           0.03 |        2:34:00 |    10     0     8   55.6 |
|   AUDIO/USDT |     11 |           0.00 |           0.04 |             1.784 |           0.02 |        1:57:00 |     6     0     5   54.5 |
|     COS/USDT |     13 |           0.02 |           0.23 |             1.097 |           0.01 |        2:54:00 |     7     0     6   53.8 |
|     CFX/USDT |      5 |           0.02 |           0.08 |             0.350 |           0.00 |        2:08:00 |     3     0     2   60.0 |
|   ALICE/USDT |     13 |           0.04 |           0.48 |             0.251 |           0.00 |        2:08:00 |     7     0     6   53.8 |
|     ETC/USDT |      0 |           0.00 |           0.00 |             0.000 |           0.00 |           0:00 |     0     0     0    0.0 |
|     ETH/USDT |      0 |           0.00 |           0.00 |             0.000 |           0.00 |           0:00 |     0     0     0    0.0 |
|     FLM/USDT |      0 |           0.00 |           0.00 |             0.000 |           0.00 |           0:00 |     0     0     0    0.0 |
|     FTT/USDT |      0 |           0.00 |           0.00 |             0.000 |           0.00 |           0:00 |     0     0     0    0.0 |
|    DENT/USDT |      2 |          -0.00 |          -0.01 |            -0.137 |          -0.00 |        2:40:00 |     1     0     1   50.0 |
|     BNT/USDT |      2 |          -0.03 |          -0.05 |            -0.302 |          -0.00 |        2:26:00 |     1     0     1   50.0 |
|    DREP/USDT |     11 |          -0.01 |          -0.15 |            -0.683 |          -0.01 |        3:05:00 |     6     0     5   54.5 |
|     FIO/USDT |      6 |          -0.02 |          -0.13 |            -2.664 |          -0.03 |        1:42:00 |     3     0     3   50.0 |
|     FIL/USDT |      2 |          -0.07 |          -0.13 |            -2.875 |          -0.03 |        4:22:00 |     1     0     1   50.0 |
|     CRV/USDT |      5 |          -0.12 |          -0.61 |            -4.338 |          -0.04 |        1:04:00 |     2     0     3   40.0 |
|   COCOS/USDT |      8 |          -0.05 |          -0.40 |            -4.376 |          -0.04 |        2:28:00 |     4     0     4   50.0 |
|    COMP/USDT |      6 |          -0.08 |          -0.45 |            -6.146 |          -0.06 |        1:46:00 |     3     0     3   50.0 |
|    BETA/USDT |      7 |          -0.18 |          -1.27 |            -7.503 |          -0.08 |        4:09:00 |     3     0     4   42.9 |
|    ARPA/USDT |      9 |          -0.14 |          -1.30 |            -7.815 |          -0.08 |        3:27:00 |     4     0     5   44.4 |
|    CELR/USDT |      3 |          -0.39 |          -1.18 |            -7.958 |          -0.08 |        1:45:00 |     1     0     2   33.3 |
|    FLUX/USDT |     12 |          -0.04 |          -0.50 |            -8.203 |          -0.08 |        0:57:00 |     5     0     7   41.7 |
|    DUSK/USDT |      1 |          -1.03 |          -1.03 |            -8.253 |          -0.08 |        2:41:00 |     0     0     1    0.0 |
|    EGLD/USDT |      1 |          -1.00 |          -1.00 |            -8.283 |          -0.08 |        4:33:00 |     0     0     1    0.0 |
|    CELO/USDT |      3 |          -0.37 |          -1.10 |            -8.595 |          -0.09 |        3:44:00 |     1     0     2   33.3 |
|   CHESS/USDT |      9 |          -0.16 |          -1.43 |            -9.158 |          -0.09 |        2:42:00 |     4     0     5   44.4 |
|     ENJ/USDT |      1 |          -1.17 |          -1.17 |            -9.534 |          -0.10 |        2:30:00 |     0     0     1    0.0 |
|      DF/USDT |      9 |          -0.08 |          -0.69 |            -9.567 |          -0.10 |        1:51:00 |     4     0     5   44.4 |
|    FIRO/USDT |      9 |          -0.13 |          -1.17 |            -9.808 |          -0.10 |        0:55:00 |     4     0     5   44.4 |
|     DOT/USDT |      1 |          -1.42 |          -1.42 |           -11.258 |          -0.11 |        0:33:00 |     0     0     1    0.0 |
|     DIA/USDT |     15 |          -0.11 |          -1.64 |           -11.832 |          -0.12 |        1:56:00 |     7     0     8   46.7 |
|     ANT/USDT |     18 |          -0.03 |          -0.58 |           -12.240 |          -0.12 |        1:37:00 |    10     0     8   55.6 |
|     ENS/USDT |      1 |          -1.60 |          -1.60 |           -12.571 |          -0.13 |        0:33:00 |     0     0     1    0.0 |
|     ADA/USDT |     17 |          -0.10 |          -1.78 |           -12.654 |          -0.13 |        2:32:00 |     8     0     9   47.1 |
|     CHR/USDT |      7 |          -0.21 |          -1.45 |           -13.759 |          -0.14 |        1:28:00 |     3     0     4   42.9 |
|    CTXC/USDT |      6 |          -0.32 |          -1.92 |           -13.783 |          -0.14 |        1:40:00 |     2     0     4   33.3 |
|     CKB/USDT |      9 |          -0.20 |          -1.81 |           -14.509 |          -0.15 |        3:25:00 |     4     0     5   44.4 |
|    DATA/USDT |      3 |          -0.48 |          -1.44 |           -14.683 |          -0.15 |        3:12:00 |     1     0     2   33.3 |
|     ELF/USDT |      3 |          -0.66 |          -1.97 |           -16.299 |          -0.16 |        1:52:00 |     1     0     2   33.3 |
|    FLOW/USDT |      2 |          -1.04 |          -2.07 |           -16.654 |          -0.17 |        1:50:00 |     0     0     2    0.0 |
|    CAKE/USDT |      9 |          -0.25 |          -2.24 |           -16.713 |          -0.17 |        2:06:00 |     3     0     6   33.3 |
|     ERN/USDT |      4 |          -0.52 |          -2.08 |           -18.329 |          -0.18 |        2:11:00 |     1     0     3   25.0 |
|     BAT/USDT |      2 |          -1.02 |          -2.05 |           -18.459 |          -0.18 |        1:24:00 |     0     0     2    0.0 |
|     C98/USDT |     11 |          -0.16 |          -1.74 |           -18.650 |          -0.19 |        2:14:00 |     5     0     6   45.5 |
|     CVP/USDT |      6 |          -0.36 |          -2.13 |           -20.560 |          -0.21 |        2:08:00 |     2     0     4   33.3 |
|    AUTO/USDT |     10 |          -0.22 |          -2.25 |           -21.028 |          -0.21 |        2:21:00 |     4     0     6   40.0 |
|     FTM/USDT |      1 |          -2.40 |          -2.40 |           -21.683 |          -0.22 |        0:33:00 |     0     0     1    0.0 |
|     AXS/USDT |      6 |          -0.43 |          -2.56 |           -23.048 |          -0.23 |        2:28:00 |     2     0     4   33.3 |
|     BEL/USDT |      7 |          -0.38 |          -2.68 |           -24.378 |          -0.24 |        1:32:00 |     2     0     5   28.6 |
|    DOGE/USDT |      5 |          -0.52 |          -2.58 |           -25.137 |          -0.25 |        2:24:00 |     1     0     4   20.0 |
|    CITY/USDT |     17 |          -0.17 |          -2.85 |           -25.237 |          -0.25 |        1:21:00 |     8     0     9   47.1 |
|     BCH/USDT |      8 |          -0.40 |          -3.24 |           -26.363 |          -0.26 |        1:38:00 |     2     0     6   25.0 |
|   1INCH/USDT |     33 |          -0.12 |          -4.04 |           -28.804 |          -0.29 |        1:48:00 |    16     0    17   48.5 |
|     FOR/USDT |      5 |          -0.63 |          -3.13 |           -28.929 |          -0.29 |        2:41:00 |     1     0     4   20.0 |
|    BAKE/USDT |     12 |          -0.29 |          -3.44 |           -28.974 |          -0.29 |        1:46:00 |     5     0     7   41.7 |
|     FXS/USDT |     13 |          -0.21 |          -2.76 |           -29.437 |          -0.29 |        3:01:00 |     6     0     7   46.2 |
| AUCTION/USDT |     19 |          -0.15 |          -2.93 |           -30.830 |          -0.31 |        1:34:00 |     8     0    11   42.1 |
|     BTC/USDT |      3 |          -1.14 |          -3.43 |           -31.834 |          -0.32 |        8:03:00 |     0     0     3    0.0 |
|     FUN/USDT |      6 |          -0.60 |          -3.58 |           -32.872 |          -0.33 |        5:06:00 |     2     0     4   33.3 |
|     ACH/USDT |     21 |          -0.14 |          -3.02 |           -32.976 |          -0.33 |        2:39:00 |    10     0    11   47.6 |
|    ARDR/USDT |     10 |          -0.42 |          -4.18 |           -34.797 |          -0.35 |        2:37:00 |     3     0     7   30.0 |
|    AKRO/USDT |     24 |          -0.15 |          -3.71 |           -35.972 |          -0.36 |        1:47:00 |    11     0    13   45.8 |
|     BAL/USDT |      7 |          -0.64 |          -4.48 |           -37.695 |          -0.38 |        1:37:00 |     2     0     5   28.6 |
|    ANKR/USDT |     19 |          -0.21 |          -3.94 |           -38.248 |          -0.38 |        1:11:00 |     9     0    10   47.4 |
|    ATOM/USDT |     20 |          -0.23 |          -4.58 |           -38.574 |          -0.39 |        1:17:00 |     9     0    11   45.0 |
|     ASR/USDT |     40 |          -0.10 |          -3.91 |           -40.509 |          -0.41 |        1:20:00 |    16     0    24   40.0 |
|     ADX/USDT |     33 |          -0.15 |          -4.95 |           -41.588 |          -0.42 |        2:16:00 |    15     0    18   45.5 |
|     FIS/USDT |      8 |          -0.57 |          -4.59 |           -42.414 |          -0.42 |        2:35:00 |     2     0     6   25.0 |
|  BURGER/USDT |     14 |          -0.35 |          -4.92 |           -44.796 |          -0.45 |        2:20:00 |     6     0     8   42.9 |
|     ATM/USDT |     28 |          -0.16 |          -4.37 |           -45.033 |          -0.45 |        2:09:00 |    11     0    17   39.3 |
|    BOND/USDT |     20 |          -0.27 |          -5.42 |           -46.335 |          -0.46 |        2:15:00 |     8     0    12   40.0 |
|    DODO/USDT |      5 |          -1.25 |          -6.27 |           -51.030 |          -0.51 |        4:01:00 |     0     0     5    0.0 |
|     DCR/USDT |     18 |          -0.29 |          -5.22 |           -51.116 |          -0.51 |        1:22:00 |     7     0    11   38.9 |
|    AVAX/USDT |     10 |          -0.60 |          -5.98 |           -52.523 |          -0.53 |        1:37:00 |     3     0     7   30.0 |
|    ALCX/USDT |     13 |          -0.45 |          -5.79 |           -53.013 |          -0.53 |        1:44:00 |     4     0     9   30.8 |
|  BADGER/USDT |     14 |          -0.44 |          -6.13 |           -54.617 |          -0.55 |        1:02:00 |     5     0     9   35.7 |
|  ALPACA/USDT |     31 |          -0.20 |          -6.15 |           -59.118 |          -0.59 |        2:15:00 |    13     0    18   41.9 |
|    AAVE/USDT |     32 |          -0.25 |          -8.02 |           -62.228 |          -0.62 |        1:50:00 |    15     0    17   46.9 |
|    BAND/USDT |      8 |          -0.94 |          -7.55 |           -67.960 |          -0.68 |        1:09:00 |     1     0     7   12.5 |
|    BICO/USDT |     16 |          -0.54 |          -8.56 |           -72.099 |          -0.72 |        1:31:00 |     5     0    11   31.2 |
|    FIDA/USDT |     10 |          -0.90 |          -9.03 |           -78.540 |          -0.79 |        2:35:00 |     1     0     9   10.0 |
|     EOS/USDT |     10 |          -0.90 |          -9.03 |           -78.864 |          -0.79 |        1:16:00 |     2     0     8   20.0 |
|     BNX/USDT |     18 |          -0.49 |          -8.86 |           -81.532 |          -0.82 |        3:35:00 |     5     0    13   27.8 |
|     CTK/USDT |     11 |          -0.88 |          -9.73 |           -82.907 |          -0.83 |        1:30:00 |     4     0     7   36.4 |
|    AGLD/USDT |     19 |          -0.52 |          -9.94 |           -83.752 |          -0.84 |        1:56:00 |     6     0    13   31.6 |
|     BTS/USDT |     17 |          -0.56 |          -9.60 |           -90.472 |          -0.90 |        5:05:00 |     5     0    12   29.4 |
|     AMP/USDT |     21 |          -0.47 |          -9.89 |           -90.875 |          -0.91 |        3:17:00 |     6     0    15   28.6 |
|      AR/USDT |     15 |          -0.78 |         -11.63 |          -100.646 |          -1.01 |        2:06:00 |     3     0    12   20.0 |
|    BEAM/USDT |     18 |          -0.75 |         -13.46 |          -122.145 |          -1.22 |        1:13:00 |     5     0    13   27.8 |
|     ACM/USDT |     43 |          -0.39 |         -16.70 |          -150.016 |          -1.50 |        1:27:00 |    15     0    28   34.9 |
|        TOTAL |   1230 |          -0.18 |        -226.29 |         -2046.848 |         -20.47 |        2:02:00 |   530     0   700   43.1 |
========================================================= ENTER TAG STATS ===========================================================
|   TAG |   Buys |   Avg Profit % |   Cum Profit % |   Tot Profit USDT |   Tot Profit % |   Avg Duration |   Win  Draw  Loss  Win%  |
|-------+--------+----------------+----------------+-------------------+----------------+----------------+--------------------------|
| TOTAL |   1230 |          -0.18 |        -226.29 |         -2046.848 |         -20.47 |        2:02:00 |   530     0   700   43.1 |
=====================================================+== EXIT REASON STATS ========================================================
|        Exit Reason |   Exits |   Win  Draws  Loss  Win%  |   Avg Profit % |   Cum Profit % |   Tot Profit USDT |   Tot Profit % |
|--------------------+---------+---------------------------+----------------+----------------+-------------------+----------------|
| my_stoploss_signal |     693 |     0     0   693    0.0  |          -1.27 |        -879.21 |         -7655.459 |         -87.92 |
|                roi |     522 |   522     0     0  100.0  |           1.23 |         642.01 |          5511.636 |          64.20 |
|         force_exit |      10 |     3     0     7   30.0  |          -0.33 |          -3.30 |           -26.167 |          -0.33 |
| candle_sell_signal |       5 |     5     0     0  100.0  |           2.84 |          14.21 |           123.140 |           1.42 |
====================================================== LEFT OPEN TRADES REPORT =======================================================
|   Pair |   Buys |   Avg Profit % |   Cum Profit % |   Tot Profit USDT |   Tot Profit % |   Avg Duration |   Win  Draw  Loss  Win%  |
|--------+--------+----------------+----------------+-------------------+----------------+----------------+--------------------------|
| FXS/USDT |      1 |           0.16 |           0.16 |             1.301 |           0.01 |        2:22:00 |     1     0     0  100.0 |
================== SUMMARY METRICS ==================
| Metric                      | Value               |
|-----------------------------+---------------------|
| Backtesting from            | 2022-08-23 00:00:00 |
| Backtesting to              | 2022-09-02 19:56:00 |
| Max open trades             | 10                  |
|                             |                     |
| Total/Daily Avg Trades      | 1230 / 123.0        |
| Starting balance            | 10000 USDT          |
| Final balance               | 7953.152 USDT       |
| Absolute profit             | -2046.848 USDT      |
| Total profit %              | -20.47%             |
| CAGR %                      | -99.98%             |
| Trades per day              | 123.0               |
| Avg. daily profit %         | -2.05%              |
| Avg. stake amount           | 862.499 USDT        |
| Total trade volume          | 1060873.482 USDT    |
|                             |                     |
| Best Pair                   | AVA/USDT 11.64%     |
| Worst Pair                  | ACM/USDT -16.7%     |
| Best trade                  | FORTH/USDT 5.0%     |
| Worst trade                 | BLZ/USDT -6.29%     |
| Best day                    | 528.552 USDT        |
| Worst day                   | -1085.098 USDT      |
| Days win/draw/lose          | 2 / 0 / 9           |
| Avg. Duration Winners       | 2:23:00             |
| Avg. Duration Loser         | 1:46:00             |
| Rejected Entry signals      | 1385236             |
| Entry/Exit Timeouts         | 0 / 0               |
|                             |                     |
| Min balance                 | 7912.418 USDT       |
| Max balance                 | 10029.7 USDT        |
| Max % of account underwater | 21.11%              |
| Absolute Drawdown (Account) | 21.11%              |
| Absolute Drawdown           | 2117.282 USDT       |
| Drawdown high               | 29.7 USDT           |
| Drawdown low                | -2087.582 USDT      |
| Drawdown Start              | 2022-08-23 01:12:00 |
| Drawdown End                | 2022-09-01 16:39:00 |
| Market change               | -4.29%              |
=====================================================