============================================================= BACKTESTING REPORT ===========================================================
|       Pair   |   Buys |   Avg Profit % |   Cum Profit % |   Tot Profit USDT |   Tot Profit % |   Avg Duration |   Win  Draw  Loss  Win%  |
|--------------+--------+----------------+----------------+-------------------+----------------+----------------+--------------------------|
|     BLZ/USDT |      2 |           2.00 |           4.00 |           128.680 |           1.29 |        0:26:00 |     2     0     0  100.0 |
|   FORTH/USDT |      4 |           0.80 |           3.19 |            99.007 |           0.99 |        0:46:00 |     2     0     2   50.0 |
|     EOS/USDT |      2 |           1.41 |           2.83 |            83.155 |           0.83 |        1:10:00 |     2     0     0  100.0 |
|     CFX/USDT |      1 |           2.00 |           2.00 |            65.056 |           0.65 |        0:15:00 |     1     0     0  100.0 |
|     BNT/USDT |      6 |           0.34 |           2.03 |            59.007 |           0.59 |        1:47:00 |     4     0     2   66.7 |
|    DUSK/USDT |      3 |           0.69 |           2.06 |            58.474 |           0.58 |        0:57:00 |     2     0     1   66.7 |
|     CVP/USDT |      3 |           0.53 |           1.60 |            55.442 |           0.55 |        3:01:00 |     2     0     1   66.7 |
|     BAL/USDT |      6 |           0.31 |           1.88 |            53.592 |           0.54 |        0:52:00 |     4     0     2   66.7 |
|     ERN/USDT |      4 |           0.45 |           1.80 |            51.740 |           0.52 |        0:47:00 |     4     0     0  100.0 |
|     CRV/USDT |      1 |           1.80 |           1.80 |            50.140 |           0.50 |        0:07:00 |     1     0     0  100.0 |
|  BADGER/USDT |      3 |           0.45 |           1.34 |            48.399 |           0.48 |        1:24:00 |     1     0     2   33.3 |
|    AION/USDT |      6 |           0.22 |           1.29 |            48.037 |           0.48 |        1:15:00 |     4     0     2   66.7 |
|     CVX/USDT |      6 |           0.27 |           1.62 |            47.108 |           0.47 |        3:06:00 |     4     0     2   66.7 |
|     DCR/USDT |      3 |           0.53 |           1.60 |            45.025 |           0.45 |        2:06:00 |     1     0     2   33.3 |
|    BOND/USDT |      8 |           0.16 |           1.28 |            42.088 |           0.42 |        1:08:00 |     6     0     2   75.0 |
|     CLV/USDT |      3 |           0.46 |           1.37 |            40.830 |           0.41 |        1:45:00 |     3     0     0  100.0 |
|     BNX/USDT |      5 |           0.28 |           1.41 |            39.687 |           0.40 |        2:34:00 |     3     0     2   60.0 |
|    BEAM/USDT |      4 |           0.39 |           1.54 |            39.324 |           0.39 |        1:28:00 |     2     0     2   50.0 |
|     BCH/USDT |      2 |           0.65 |           1.29 |            36.600 |           0.37 |        1:12:00 |     1     0     1   50.0 |
|    CTSI/USDT |      3 |           0.40 |           1.20 |            36.123 |           0.36 |        1:02:00 |     2     0     1   66.7 |
|  BURGER/USDT |      5 |           0.14 |           0.72 |            31.650 |           0.32 |        0:51:00 |     3     0     2   60.0 |
|    ALCX/USDT |      1 |           0.90 |           0.90 |            29.992 |           0.30 |        0:40:00 |     1     0     0  100.0 |
|    ANKR/USDT |      1 |           1.06 |           1.06 |            29.437 |           0.29 |        0:43:00 |     1     0     0  100.0 |
|     CTK/USDT |      2 |           0.43 |           0.87 |            26.791 |           0.27 |        0:41:00 |     2     0     0  100.0 |
|    CAKE/USDT |      3 |           0.31 |           0.92 |            26.275 |           0.26 |        0:17:00 |     3     0     0  100.0 |
|    AUTO/USDT |     10 |           0.07 |           0.71 |            25.023 |           0.25 |        2:42:00 |     5     0     5   50.0 |
|     ATA/USDT |      2 |           0.43 |           0.86 |            23.877 |           0.24 |        1:04:00 |     2     0     0  100.0 |
|    DODO/USDT |      1 |           0.75 |           0.75 |            21.383 |           0.21 |        1:49:00 |     1     0     0  100.0 |
|     FUN/USDT |      3 |           0.22 |           0.65 |            21.211 |           0.21 |        0:23:00 |     3     0     0  100.0 |
|   FRONT/USDT |      3 |           0.22 |           0.66 |            21.165 |           0.21 |        2:53:00 |     3     0     0  100.0 |
|    ARDR/USDT |      3 |           0.20 |           0.60 |            18.573 |           0.19 |        2:01:00 |     3     0     0  100.0 |
|     CVC/USDT |      3 |           0.21 |           0.63 |            17.716 |           0.18 |        0:22:00 |     3     0     0  100.0 |
|    ATOM/USDT |      4 |           0.12 |           0.47 |            16.540 |           0.17 |        1:17:00 |     2     0     2   50.0 |
|    BAND/USDT |      1 |           0.59 |           0.59 |            16.391 |           0.16 |        0:22:00 |     1     0     0  100.0 |
|    DENT/USDT |      2 |           0.23 |           0.47 |            15.602 |           0.16 |        0:47:00 |     2     0     0  100.0 |
|   COCOS/USDT |      1 |           0.49 |           0.49 |            13.722 |           0.14 |        0:36:00 |     1     0     0  100.0 |
|     CKB/USDT |      1 |           0.31 |           0.31 |             8.582 |           0.09 |        5:52:00 |     1     0     0  100.0 |
|     FIO/USDT |      3 |           0.09 |           0.28 |             7.329 |           0.07 |        2:31:00 |     2     0     1   66.7 |
|     DGB/USDT |      2 |           0.13 |           0.27 |             7.193 |           0.07 |        1:18:00 |     1     0     1   50.0 |
|     FOR/USDT |      4 |           0.05 |           0.18 |             5.854 |           0.06 |        1:22:00 |     2     0     2   50.0 |
|    AAVE/USDT |      1 |           0.16 |           0.16 |             4.583 |           0.05 |        0:35:00 |     1     0     0  100.0 |
| AUCTION/USDT |      3 |           0.03 |           0.09 |             2.887 |           0.03 |        1:00:00 |     2     0     1   66.7 |
|     ADA/USDT |      2 |           0.04 |           0.09 |             2.824 |           0.03 |        0:32:00 |     1     0     1   50.0 |
|    CITY/USDT |      1 |           0.10 |           0.10 |             2.738 |           0.03 |        0:47:00 |     1     0     0  100.0 |
|     DOT/USDT |      1 |           0.06 |           0.06 |             2.054 |           0.02 |        0:12:00 |     1     0     0  100.0 |
|    CELR/USDT |      1 |           0.02 |           0.02 |             0.532 |           0.01 |        0:20:00 |     1     0     0  100.0 |
|    ARPA/USDT |      1 |           0.01 |           0.01 |             0.256 |           0.00 |        0:24:00 |     1     0     0  100.0 |
|    ALGO/USDT |      0 |           0.00 |           0.00 |             0.000 |           0.00 |           0:00 |     0     0     0    0.0 |
|   ALICE/USDT |      0 |           0.00 |           0.00 |             0.000 |           0.00 |           0:00 |     0     0     0    0.0 |
|   AUDIO/USDT |      0 |           0.00 |           0.00 |             0.000 |           0.00 |           0:00 |     0     0     0    0.0 |
|     BAT/USDT |      0 |           0.00 |           0.00 |             0.000 |           0.00 |           0:00 |     0     0     0    0.0 |
|     BEL/USDT |      0 |           0.00 |           0.00 |             0.000 |           0.00 |           0:00 |     0     0     0    0.0 |
|     BTC/USDT |      0 |           0.00 |           0.00 |             0.000 |           0.00 |           0:00 |     0     0     0    0.0 |
|     C98/USDT |      0 |           0.00 |           0.00 |             0.000 |           0.00 |           0:00 |     0     0     0    0.0 |
|     DAR/USDT |      0 |           0.00 |           0.00 |             0.000 |           0.00 |           0:00 |     0     0     0    0.0 |
|    DOGE/USDT |      0 |           0.00 |           0.00 |             0.000 |           0.00 |           0:00 |     0     0     0    0.0 |
|    DYDX/USDT |      0 |           0.00 |           0.00 |             0.000 |           0.00 |           0:00 |     0     0     0    0.0 |
|    EGLD/USDT |      0 |           0.00 |           0.00 |             0.000 |           0.00 |           0:00 |     0     0     0    0.0 |
|     ENJ/USDT |      0 |           0.00 |           0.00 |             0.000 |           0.00 |           0:00 |     0     0     0    0.0 |
|     ENS/USDT |      0 |           0.00 |           0.00 |             0.000 |           0.00 |           0:00 |     0     0     0    0.0 |
|     ETC/USDT |      0 |           0.00 |           0.00 |             0.000 |           0.00 |           0:00 |     0     0     0    0.0 |
|     ETH/USDT |      0 |           0.00 |           0.00 |             0.000 |           0.00 |           0:00 |     0     0     0    0.0 |
|    FLOW/USDT |      0 |           0.00 |           0.00 |             0.000 |           0.00 |           0:00 |     0     0     0    0.0 |
|     FTM/USDT |      0 |           0.00 |           0.00 |             0.000 |           0.00 |           0:00 |     0     0     0    0.0 |
|     FTT/USDT |      0 |           0.00 |           0.00 |             0.000 |           0.00 |           0:00 |     0     0     0    0.0 |
|    DATA/USDT |      4 |          -0.04 |          -0.15 |            -0.672 |          -0.01 |        1:12:00 |     3     0     1   75.0 |
|    BAKE/USDT |      2 |          -0.00 |          -0.00 |            -1.245 |          -0.01 |        2:20:00 |     1     0     1   50.0 |
|    FIRO/USDT |      6 |           0.01 |           0.03 |            -1.291 |          -0.01 |        1:27:00 |     2     0     4   33.3 |
|    FIDA/USDT |      2 |          -0.02 |          -0.05 |            -1.423 |          -0.01 |        0:49:00 |     1     0     1   50.0 |
|     FLM/USDT |      3 |          -0.03 |          -0.08 |            -2.354 |          -0.02 |        0:43:00 |     2     0     1   66.7 |
|     ANT/USDT |      1 |          -0.14 |          -0.14 |            -3.948 |          -0.04 |        0:50:00 |     0     0     1    0.0 |
|   1INCH/USDT |      3 |          -0.05 |          -0.15 |            -4.018 |          -0.04 |        0:21:00 |     1     0     2   33.3 |
|    DASH/USDT |      1 |          -0.20 |          -0.20 |            -5.594 |          -0.06 |        1:20:00 |     0     0     1    0.0 |
|     DIA/USDT |      4 |          -0.09 |          -0.38 |            -5.662 |          -0.06 |        2:42:00 |     3     0     1   75.0 |
|     BNB/USDT |      3 |          -0.13 |          -0.39 |            -8.851 |          -0.09 |        1:29:00 |     1     0     2   33.3 |
|    COMP/USDT |      1 |          -0.39 |          -0.39 |           -13.088 |          -0.13 |        0:44:00 |     0     0     1    0.0 |
|      DF/USDT |      2 |          -0.20 |          -0.39 |           -13.285 |          -0.13 |        4:00:00 |     1     0     1   50.0 |
|    AVAX/USDT |      3 |          -0.16 |          -0.48 |           -13.612 |          -0.14 |        1:52:00 |     1     0     2   33.3 |
|    CELO/USDT |      1 |          -0.43 |          -0.43 |           -13.938 |          -0.14 |        3:03:00 |     0     0     1    0.0 |
|     ACH/USDT |      4 |          -0.14 |          -0.57 |           -18.988 |          -0.19 |        0:52:00 |     1     0     3   25.0 |
|    BETA/USDT |      2 |          -0.30 |          -0.59 |           -19.972 |          -0.20 |        0:34:00 |     1     0     1   50.0 |
|    DREP/USDT |     10 |          -0.07 |          -0.67 |           -20.301 |          -0.20 |        1:55:00 |     5     0     5   50.0 |
|     DNT/USDT |      3 |          -0.15 |          -0.46 |           -21.440 |          -0.21 |        6:27:00 |     1     0     2   33.3 |
|     BTG/USDT |      5 |          -0.14 |          -0.69 |           -21.481 |          -0.21 |        1:42:00 |     1     0     4   20.0 |
|     AMP/USDT |      3 |          -0.27 |          -0.80 |           -22.367 |          -0.22 |        3:41:00 |     1     0     2   33.3 |
|    AKRO/USDT |      4 |          -0.28 |          -1.13 |           -30.797 |          -0.31 |        1:35:00 |     2     0     2   50.0 |
|   ALPHA/USDT |      2 |          -0.56 |          -1.12 |           -31.581 |          -0.32 |        2:01:00 |     0     0     2    0.0 |
|     ACM/USDT |      4 |          -0.24 |          -0.95 |           -33.319 |          -0.33 |        1:34:00 |     3     0     1   75.0 |
|    BICO/USDT |      2 |          -0.39 |          -0.77 |           -33.887 |          -0.34 |        2:48:00 |     1     0     1   50.0 |
|    FARM/USDT |      4 |          -0.22 |          -0.87 |           -39.193 |          -0.39 |        1:56:00 |     2     0     2   50.0 |
|    CTXC/USDT |      3 |          -0.46 |          -1.39 |           -41.765 |          -0.42 |        2:28:00 |     0     0     3    0.0 |
|    AGLD/USDT |      4 |          -0.34 |          -1.36 |           -42.052 |          -0.42 |        2:02:00 |     1     0     3   25.0 |
|    DEXE/USDT |      5 |          -0.26 |          -1.30 |           -49.159 |          -0.49 |        1:39:00 |     2     0     3   40.0 |
|     BTS/USDT |      4 |          -0.42 |          -1.69 |           -50.412 |          -0.50 |        4:53:00 |     1     0     3   25.0 |
|     BAR/USDT |      5 |          -0.46 |          -2.29 |           -52.868 |          -0.53 |        1:24:00 |     1     0     4   20.0 |
|     ADX/USDT |      8 |          -0.27 |          -2.16 |           -59.666 |          -0.60 |        1:47:00 |     1     0     7   12.5 |
|    DOCK/USDT |      8 |          -0.28 |          -2.23 |           -64.789 |          -0.65 |        2:00:00 |     4     0     4   50.0 |
|     COS/USDT |      2 |          -1.03 |          -2.06 |           -65.262 |          -0.65 |        3:12:00 |     1     0     1   50.0 |
|     FIL/USDT |      3 |          -0.70 |          -2.11 |           -71.347 |          -0.71 |        3:51:00 |     2     0     1   66.7 |
|     ELF/USDT |      3 |          -0.77 |          -2.32 |           -75.697 |          -0.76 |        1:27:00 |     2     0     1   66.7 |
|     AVA/USDT |      6 |          -0.42 |          -2.53 |           -82.743 |          -0.83 |        1:04:00 |     2     0     4   33.3 |
|     CHZ/USDT |      4 |          -0.67 |          -2.68 |           -89.525 |          -0.90 |        1:17:00 |     1     0     3   25.0 |
|     FXS/USDT |      5 |          -0.56 |          -2.79 |           -90.913 |          -0.91 |        3:35:00 |     3     0     2   60.0 |
|     FET/USDT |      2 |          -1.51 |          -3.02 |           -92.203 |          -0.92 |        4:18:00 |     1     0     1   50.0 |
|     ASR/USDT |      6 |          -0.57 |          -3.40 |           -97.547 |          -0.98 |        1:35:00 |     4     0     2   66.7 |
|   CHESS/USDT |      3 |          -1.07 |          -3.20 |          -105.675 |          -1.06 |        2:59:00 |     0     0     3    0.0 |
|     FIS/USDT |      4 |          -0.81 |          -3.23 |          -112.118 |          -1.12 |        2:50:00 |     2     0     2   50.0 |
|      AR/USDT |      3 |          -1.25 |          -3.76 |          -112.300 |          -1.12 |        1:51:00 |     1     0     2   33.3 |
|    COTI/USDT |      4 |          -0.94 |          -3.77 |          -119.169 |          -1.19 |        0:43:00 |     1     0     3   25.0 |
|    FLUX/USDT |      4 |          -1.07 |          -4.27 |          -120.978 |          -1.21 |        1:56:00 |     2     0     2   50.0 |
|  ALPACA/USDT |      5 |          -0.88 |          -4.39 |          -126.550 |          -1.27 |        2:06:00 |     1     0     4   20.0 |
|     ATM/USDT |      3 |          -1.50 |          -4.49 |          -139.588 |          -1.40 |        2:19:00 |     1     0     2   33.3 |
|     AXS/USDT |      1 |          -6.48 |          -6.48 |          -211.658 |          -2.12 |        6:51:00 |     0     0     1    0.0 |
|    DEGO/USDT |      5 |          -2.04 |         -10.21 |          -289.101 |          -2.89 |        3:35:00 |     1     0     4   20.0 |
|     CHR/USDT |      2 |          -4.92 |          -9.85 |          -321.466 |          -3.21 |        2:46:00 |     1     0     1   50.0 |
|        TOTAL |    321 |          -0.15 |         -48.82 |         -1539.163 |         -15.39 |        1:50:00 |   171     0   150   53.3 |
========================================================= ENTER TAG STATS ===========================================================
|   TAG |   Buys |   Avg Profit % |   Cum Profit % |   Tot Profit USDT |   Tot Profit % |   Avg Duration |   Win  Draw  Loss  Win%  |
|-------+--------+----------------+----------------+-------------------+----------------+----------------+--------------------------|
| TOTAL |    321 |          -0.15 |         -48.82 |         -1539.163 |         -15.39 |        1:50:00 |   171     0   150   53.3 |
=====================================================+== EXIT REASON STATS ========================================================
|        Exit Reason |   Exits |   Win  Draws  Loss  Win%  |   Avg Profit % |   Cum Profit % |   Tot Profit USDT |   Tot Profit % |
|--------------------+---------+---------------------------+----------------+----------------+-------------------+----------------|
|        exit_signal |     298 |   152     0   146   51.0  |          -0.24 |         -71.09 |         -2209.047 |         -23.70 |
|                roi |      19 |    19     0     0  100.0  |           2.00 |          37.96 |          1158.946 |          12.65 |
|         force_exit |       3 |     0     0     3    0.0  |          -1.84 |          -5.51 |          -156.774 |          -1.84 |
|          stop_loss |       1 |     0     0     1    0.0  |         -10.18 |         -10.18 |          -332.287 |          -3.39 |
====================================================== LEFT OPEN TRADES REPORT =======================================================
|   Pair |   Buys |   Avg Profit % |   Cum Profit % |   Tot Profit USDT |   Tot Profit % |   Avg Duration |   Win  Draw  Loss  Win%  |
|--------+--------+----------------+----------------+-------------------+----------------+----------------+--------------------------|
| ASR/USDT |      1 |          -0.22 |          -0.22 |            -6.323 |          -0.06 |        0:17:00 |     0     0     1    0.0 |
================== SUMMARY METRICS ==================
| Metric                      | Value               |
|-----------------------------+---------------------|
| Backtesting from            | 2022-08-23 00:00:00 |
| Backtesting to              | 2022-09-02 19:56:00 |
| Max open trades             | 3                   |
|                             |                     |
| Total/Daily Avg Trades      | 321 / 32.1          |
| Starting balance            | 10000 USDT          |
| Final balance               | 8460.837 USDT       |
| Absolute profit             | -1539.163 USDT      |
| Total profit %              | -15.39%             |
| CAGR %                      | -99.78%             |
| Trades per day              | 32.1                |
| Avg. daily profit %         | -1.54%              |
| Avg. stake amount           | 3009.448 USDT       |
| Total trade volume          | 966032.711 USDT     |
|                             |                     |
| Best Pair                   | BLZ/USDT 4.0%       |
| Worst Pair                  | DEGO/USDT -10.21%   |
| Best trade                  | BURGER/USDT 2.0%    |
| Worst trade                 | CHR/USDT -10.18%    |
| Best day                    | 223.384 USDT        |
| Worst day                   | -779.824 USDT       |
| Days win/draw/lose          | 6 / 0 / 5           |
| Avg. Duration Winners       | 1:14:00             |
| Avg. Duration Loser         | 2:31:00             |
| Rejected Entry signals      | 973379              |
| Entry/Exit Timeouts         | 0 / 0               |
|                             |                     |
| Min balance                 | 8348.906 USDT       |
| Max balance                 | 10377.333 USDT      |
| Max % of account underwater | 19.55%              |
| Absolute Drawdown (Account) | 19.55%              |
| Absolute Drawdown           | 2028.427 USDT       |
| Drawdown high               | 377.333 USDT        |
| Drawdown low                | -1651.094 USDT      |
| Drawdown Start              | 2022-08-24 20:16:00 |
| Drawdown End                | 2022-08-31 00:15:00 |
| Market change               | -4.36%              |
=====================================================