============================================================= BACKTESTING REPORT ===========================================================
|       Pair   |   Buys |   Avg Profit % |   Cum Profit % |   Tot Profit USDT |   Tot Profit % |   Avg Duration |   Win  Draw  Loss  Win%  |
|--------------+--------+----------------+----------------+-------------------+----------------+----------------+--------------------------|
|    CITY/USDT |      6 |           1.39 |           8.36 |           262.153 |           2.62 |        1:31:00 |     5     0     1   83.3 |
|     CHZ/USDT |      3 |           1.90 |           5.71 |           168.333 |           1.68 |        0:55:00 |     3     0     0  100.0 |
|     ATM/USDT |      9 |           0.64 |           5.78 |           161.441 |           1.61 |        3:29:00 |     6     0     3   66.7 |
|  BURGER/USDT |      4 |           1.04 |           4.16 |           116.394 |           1.16 |        1:54:00 |     4     0     0  100.0 |
|    CTSI/USDT |      2 |           2.09 |           4.19 |           115.976 |           1.16 |        1:32:00 |     2     0     0  100.0 |
|     ATA/USDT |      3 |           1.18 |           3.55 |           114.894 |           1.15 |        1:34:00 |     3     0     0  100.0 |
|    BAKE/USDT |      6 |           0.61 |           3.67 |           108.134 |           1.08 |        1:42:00 |     5     0     1   83.3 |
|     BCH/USDT |      2 |           1.47 |           2.95 |            91.885 |           0.92 |        1:00:00 |     2     0     0  100.0 |
|     BNB/USDT |      3 |           1.00 |           3.00 |            87.531 |           0.88 |        5:22:00 |     3     0     0  100.0 |
|     CFX/USDT |      3 |           1.00 |           3.00 |            83.036 |           0.83 |        2:23:00 |     3     0     0  100.0 |
|     BLZ/USDT |      3 |           0.99 |           2.96 |            81.563 |           0.82 |        0:48:00 |     2     0     1   66.7 |
|   FORTH/USDT |      2 |           1.42 |           2.84 |            79.545 |           0.80 |        3:36:00 |     2     0     0  100.0 |
|    DYDX/USDT |      2 |           1.00 |           2.00 |            61.427 |           0.61 |        2:00:00 |     2     0     0  100.0 |
|     C98/USDT |      2 |           1.05 |           2.11 |            58.059 |           0.58 |        4:14:00 |     2     0     0  100.0 |
|    FLUX/USDT |      5 |           0.44 |           2.22 |            57.631 |           0.58 |        1:21:00 |     3     0     2   60.0 |
|     AVA/USDT |     13 |           0.11 |           1.42 |            52.456 |           0.52 |        2:14:00 |     6     0     7   46.2 |
|   ALPHA/USDT |      5 |           0.22 |           1.10 |            42.778 |           0.43 |        1:09:00 |     3     0     2   60.0 |
|   COCOS/USDT |      3 |           0.38 |           1.15 |            32.919 |           0.33 |        3:03:00 |     2     0     1   66.7 |
|    FIRO/USDT |      3 |           0.38 |           1.13 |            32.656 |           0.33 |        1:21:00 |     2     0     1   66.7 |
|    CELR/USDT |      1 |           1.00 |           1.00 |            32.577 |           0.33 |        1:48:00 |     1     0     0  100.0 |
|     BAL/USDT |      1 |           1.00 |           1.00 |            31.884 |           0.32 |        3:38:00 |     1     0     0  100.0 |
|    AION/USDT |      9 |           0.14 |           1.23 |            31.657 |           0.32 |        2:07:00 |     5     0     4   55.6 |
|     FET/USDT |      1 |           1.11 |           1.11 |            30.249 |           0.30 |        1:15:00 |     1     0     0  100.0 |
|    FARM/USDT |      1 |           1.00 |           1.00 |            28.435 |           0.28 |        4:25:00 |     1     0     0  100.0 |
|    DASH/USDT |      1 |           1.00 |           1.00 |            28.304 |           0.28 |        5:36:00 |     1     0     0  100.0 |
|     BTS/USDT |      3 |           0.22 |           0.67 |            27.943 |           0.28 |        5:44:00 |     1     0     2   33.3 |
|     CHR/USDT |      1 |           1.00 |           1.00 |            27.499 |           0.27 |        1:04:00 |     1     0     0  100.0 |
|     AXS/USDT |      1 |           1.00 |           1.00 |            27.201 |           0.27 |        5:51:00 |     1     0     0  100.0 |
|    DEGO/USDT |      1 |           1.00 |           1.00 |            26.803 |           0.27 |        1:10:00 |     1     0     0  100.0 |
|     FXS/USDT |      5 |           0.17 |           0.84 |            22.410 |           0.22 |        4:08:00 |     3     0     2   60.0 |
|    ALGO/USDT |      3 |           0.28 |           0.85 |            22.405 |           0.22 |        4:13:00 |     2     0     1   66.7 |
|   CHESS/USDT |      2 |           0.29 |           0.58 |            21.977 |           0.22 |        1:43:00 |     1     0     1   50.0 |
|    AUTO/USDT |      5 |           0.18 |           0.89 |            19.496 |           0.19 |        2:02:00 |     3     0     2   60.0 |
|     DGB/USDT |      2 |           0.22 |           0.43 |            10.739 |           0.11 |        0:59:00 |     1     0     1   50.0 |
|     ANT/USDT |      2 |           0.19 |           0.37 |             3.147 |           0.03 |        1:08:00 |     1     0     1   50.0 |
|    ARPA/USDT |      2 |          -0.02 |          -0.04 |             3.045 |           0.03 |        5:09:00 |     1     0     1   50.0 |
|      DF/USDT |      2 |           0.09 |           0.19 |             1.042 |           0.01 |        3:15:00 |     1     0     1   50.0 |
|    BETA/USDT |      4 |          -0.04 |          -0.15 |             0.653 |           0.01 |        3:41:00 |     2     0     2   50.0 |
|    AVAX/USDT |      0 |           0.00 |           0.00 |             0.000 |           0.00 |           0:00 |     0     0     0    0.0 |
|     BAT/USDT |      0 |           0.00 |           0.00 |             0.000 |           0.00 |           0:00 |     0     0     0    0.0 |
|    CELO/USDT |      0 |           0.00 |           0.00 |             0.000 |           0.00 |           0:00 |     0     0     0    0.0 |
|     CLV/USDT |      0 |           0.00 |           0.00 |             0.000 |           0.00 |           0:00 |     0     0     0    0.0 |
|    COTI/USDT |      0 |           0.00 |           0.00 |             0.000 |           0.00 |           0:00 |     0     0     0    0.0 |
|     CVC/USDT |      0 |           0.00 |           0.00 |             0.000 |           0.00 |           0:00 |     0     0     0    0.0 |
|     DAR/USDT |      0 |           0.00 |           0.00 |             0.000 |           0.00 |           0:00 |     0     0     0    0.0 |
|    DOCK/USDT |      0 |           0.00 |           0.00 |             0.000 |           0.00 |           0:00 |     0     0     0    0.0 |
|     DOT/USDT |      0 |           0.00 |           0.00 |             0.000 |           0.00 |           0:00 |     0     0     0    0.0 |
|    DUSK/USDT |      0 |           0.00 |           0.00 |             0.000 |           0.00 |           0:00 |     0     0     0    0.0 |
|    EGLD/USDT |      0 |           0.00 |           0.00 |             0.000 |           0.00 |           0:00 |     0     0     0    0.0 |
|     ELF/USDT |      0 |           0.00 |           0.00 |             0.000 |           0.00 |           0:00 |     0     0     0    0.0 |
|     ENJ/USDT |      0 |           0.00 |           0.00 |             0.000 |           0.00 |           0:00 |     0     0     0    0.0 |
|     ENS/USDT |      0 |           0.00 |           0.00 |             0.000 |           0.00 |           0:00 |     0     0     0    0.0 |
|     ERN/USDT |      0 |           0.00 |           0.00 |             0.000 |           0.00 |           0:00 |     0     0     0    0.0 |
|     ETC/USDT |      0 |           0.00 |           0.00 |             0.000 |           0.00 |           0:00 |     0     0     0    0.0 |
|     ETH/USDT |      0 |           0.00 |           0.00 |             0.000 |           0.00 |           0:00 |     0     0     0    0.0 |
|     FIL/USDT |      0 |           0.00 |           0.00 |             0.000 |           0.00 |           0:00 |     0     0     0    0.0 |
|     FLM/USDT |      0 |           0.00 |           0.00 |             0.000 |           0.00 |           0:00 |     0     0     0    0.0 |
|     FTM/USDT |      0 |           0.00 |           0.00 |             0.000 |           0.00 |           0:00 |     0     0     0    0.0 |
|     FTT/USDT |      0 |           0.00 |           0.00 |             0.000 |           0.00 |           0:00 |     0     0     0    0.0 |
|    DOGE/USDT |      1 |          -0.10 |          -0.10 |            -2.682 |          -0.03 |        0:04:00 |     0     0     1    0.0 |
|     COS/USDT |      2 |          -0.07 |          -0.14 |            -6.791 |          -0.07 |        1:55:00 |     1     0     1   50.0 |
|     ADA/USDT |      7 |          -0.09 |          -0.63 |           -17.018 |          -0.17 |        2:55:00 |     3     0     4   42.9 |
|    CTXC/USDT |      3 |          -0.30 |          -0.90 |           -23.048 |          -0.23 |        1:50:00 |     1     0     2   33.3 |
|    DODO/USDT |      1 |          -1.02 |          -1.02 |           -27.862 |          -0.28 |        1:18:00 |     0     0     1    0.0 |
|    FLOW/USDT |      1 |          -1.03 |          -1.03 |           -28.435 |          -0.28 |        3:08:00 |     0     0     1    0.0 |
|    DENT/USDT |      1 |          -1.01 |          -1.01 |           -28.628 |          -0.29 |        3:48:00 |     0     0     1    0.0 |
|     BNT/USDT |      1 |          -1.05 |          -1.05 |           -28.759 |          -0.29 |        3:12:00 |     0     0     1    0.0 |
|     BTC/USDT |      1 |          -1.03 |          -1.03 |           -28.901 |          -0.29 |        2:09:00 |     0     0     1    0.0 |
|    DEXE/USDT |      3 |          -0.34 |          -1.02 |           -29.184 |          -0.29 |        1:03:00 |     1     0     2   33.3 |
|    CAKE/USDT |      3 |          -0.35 |          -1.06 |           -29.927 |          -0.30 |        1:03:00 |     1     0     2   33.3 |
|     FIS/USDT |      1 |          -1.00 |          -1.00 |           -30.935 |          -0.31 |        1:45:00 |     0     0     1    0.0 |
|     CVX/USDT |      1 |          -1.17 |          -1.17 |           -31.777 |          -0.32 |        0:37:00 |     0     0     1    0.0 |
|     FUN/USDT |      2 |          -0.56 |          -1.12 |           -32.775 |          -0.33 |        8:58:00 |     1     0     1   50.0 |
|   FRONT/USDT |      1 |          -1.02 |          -1.02 |           -33.315 |          -0.33 |        0:47:00 |     0     0     1    0.0 |
|  BADGER/USDT |      6 |          -0.13 |          -0.77 |           -33.377 |          -0.33 |        1:03:00 |     3     0     3   50.0 |
|    COMP/USDT |      1 |          -1.31 |          -1.31 |           -37.660 |          -0.38 |        0:41:00 |     0     0     1    0.0 |
|    DATA/USDT |      1 |          -1.17 |          -1.17 |           -38.278 |          -0.38 |        1:01:00 |     0     0     1    0.0 |
|   ALICE/USDT |      3 |          -0.37 |          -1.11 |           -38.310 |          -0.38 |        3:26:00 |     1     0     2   33.3 |
|     BEL/USDT |      3 |          -0.41 |          -1.24 |           -39.299 |          -0.39 |        1:29:00 |     1     0     2   33.3 |
|     CRV/USDT |      1 |          -1.38 |          -1.38 |           -43.996 |          -0.44 |        2:32:00 |     0     0     1    0.0 |
|   AUDIO/USDT |      1 |          -1.60 |          -1.60 |           -44.307 |          -0.44 |        0:53:00 |     0     0     1    0.0 |
|    ALCX/USDT |      5 |          -0.29 |          -1.45 |           -50.050 |          -0.50 |        1:50:00 |     2     0     3   40.0 |
|     CVP/USDT |      1 |          -1.83 |          -1.83 |           -50.636 |          -0.51 |        0:40:00 |     0     0     1    0.0 |
| AUCTION/USDT |      6 |          -0.26 |          -1.55 |           -51.027 |          -0.51 |        1:18:00 |     2     0     4   33.3 |
|    AAVE/USDT |      8 |          -0.26 |          -2.11 |           -56.154 |          -0.56 |        1:44:00 |     3     0     5   37.5 |
|     FOR/USDT |      2 |          -1.06 |          -2.13 |           -61.236 |          -0.61 |        0:34:00 |     0     0     2    0.0 |
|    ARDR/USDT |      2 |          -1.11 |          -2.21 |           -61.620 |          -0.62 |        1:08:00 |     0     0     2    0.0 |
|     AMP/USDT |      5 |          -0.38 |          -1.92 |           -62.750 |          -0.63 |        1:54:00 |     2     0     3   40.0 |
|    ATOM/USDT |      2 |          -1.17 |          -2.34 |           -65.226 |          -0.65 |        0:56:00 |     0     0     2    0.0 |
|      AR/USDT |      4 |          -0.53 |          -2.10 |           -65.638 |          -0.66 |        2:06:00 |     1     0     3   25.0 |
|     FIO/USDT |      4 |          -0.60 |          -2.39 |           -69.508 |          -0.70 |        1:32:00 |     1     0     3   25.0 |
|    BOND/USDT |      9 |          -0.26 |          -2.32 |           -69.727 |          -0.70 |        1:55:00 |     4     0     5   44.4 |
|     CKB/USDT |      4 |          -0.63 |          -2.52 |           -73.035 |          -0.73 |        3:34:00 |     1     0     3   25.0 |
|     BAR/USDT |      8 |          -0.29 |          -2.31 |           -79.914 |          -0.80 |        1:12:00 |     3     0     5   37.5 |
|     BNX/USDT |      9 |          -0.27 |          -2.41 |           -79.919 |          -0.80 |        3:07:00 |     3     0     6   33.3 |
|    DREP/USDT |      6 |          -0.42 |          -2.49 |           -80.024 |          -0.80 |        2:46:00 |     2     0     4   33.3 |
|    BICO/USDT |      5 |          -0.63 |          -3.15 |           -83.707 |          -0.84 |        1:37:00 |     1     0     4   20.0 |
|    FIDA/USDT |      3 |          -1.02 |          -3.05 |           -87.482 |          -0.87 |        2:29:00 |     0     0     3    0.0 |
|    AGLD/USDT |      5 |          -0.65 |          -3.24 |           -90.962 |          -0.91 |        1:08:00 |     1     0     4   20.0 |
|   1INCH/USDT |     16 |          -0.27 |          -4.30 |          -104.663 |          -1.05 |        1:36:00 |     6     0    10   37.5 |
|    ANKR/USDT |      5 |          -0.74 |          -3.70 |          -116.016 |          -1.16 |        1:15:00 |     1     0     4   20.0 |
|     ADX/USDT |     13 |          -0.30 |          -3.84 |          -116.636 |          -1.17 |        1:24:00 |     4     0     9   30.8 |
|    BAND/USDT |      3 |          -1.36 |          -4.08 |          -121.322 |          -1.21 |        1:27:00 |     0     0     3    0.0 |
|     DIA/USDT |      4 |          -1.05 |          -4.21 |          -123.743 |          -1.24 |        1:29:00 |     0     0     4    0.0 |
|  ALPACA/USDT |      6 |          -0.78 |          -4.71 |          -129.941 |          -1.30 |        1:03:00 |     1     0     5   16.7 |
|     EOS/USDT |      4 |          -1.10 |          -4.39 |          -135.877 |          -1.36 |        1:00:00 |     0     0     4    0.0 |
|    BEAM/USDT |      4 |          -1.11 |          -4.45 |          -139.526 |          -1.40 |        1:12:00 |     1     0     3   25.0 |
|     CTK/USDT |      4 |          -1.27 |          -5.10 |          -144.346 |          -1.44 |        0:48:00 |     1     0     3   25.0 |
|     ACH/USDT |     11 |          -0.54 |          -5.90 |          -179.780 |          -1.80 |        2:42:00 |     3     0     8   27.3 |
|    AKRO/USDT |      9 |          -0.67 |          -6.07 |          -180.295 |          -1.80 |        2:05:00 |     2     0     7   22.2 |
|     ACM/USDT |     12 |          -0.57 |          -6.86 |          -212.395 |          -2.12 |        1:25:00 |     4     0     8   33.3 |
|     DCR/USDT |      9 |          -0.86 |          -7.77 |          -236.226 |          -2.36 |        1:18:00 |     2     0     7   22.2 |
|     ASR/USDT |     23 |          -0.46 |         -10.59 |          -331.553 |          -3.32 |        1:04:00 |     6     0    17   26.1 |
|        TOTAL |    382 |          -0.17 |         -64.10 |         -1959.922 |         -19.60 |        1:59:00 |   159     0   223   41.6 |
========================================================= ENTER TAG STATS ===========================================================
|   TAG |   Buys |   Avg Profit % |   Cum Profit % |   Tot Profit USDT |   Tot Profit % |   Avg Duration |   Win  Draw  Loss  Win%  |
|-------+--------+----------------+----------------+-------------------+----------------+----------------+--------------------------|
| TOTAL |    382 |          -0.17 |         -64.10 |         -1959.922 |         -19.60 |        1:59:00 |   159     0   223   41.6 |
=====================================================+== EXIT REASON STATS ========================================================
|        Exit Reason |   Exits |   Win  Draws  Loss  Win%  |   Avg Profit % |   Cum Profit % |   Tot Profit USDT |   Tot Profit % |
|--------------------+---------+---------------------------+----------------+----------------+-------------------+----------------|
| my_stoploss_signal |     220 |     0     0   220    0.0  |          -1.23 |        -269.88 |         -7937.503 |         -89.96 |
|                roi |     157 |   157     0     0  100.0  |           1.27 |         199.83 |          5790.375 |          66.61 |
|         force_exit |       3 |     0     0     3    0.0  |          -0.29 |          -0.86 |           -23.021 |          -0.29 |
| candle_sell_signal |       2 |     2     0     0  100.0  |           3.41 |           6.81 |           210.227 |           2.27 |
====================================================== LEFT OPEN TRADES REPORT =======================================================
|   Pair |   Buys |   Avg Profit % |   Cum Profit % |   Tot Profit USDT |   Tot Profit % |   Avg Duration |   Win  Draw  Loss  Win%  |
|--------+--------+----------------+----------------+-------------------+----------------+----------------+--------------------------|
| DOGE/USDT |      1 |          -0.10 |          -0.10 |            -2.682 |          -0.03 |        0:04:00 |     0     0     1    0.0 |
================== SUMMARY METRICS ==================
| Metric                      | Value               |
|-----------------------------+---------------------|
| Backtesting from            | 2022-08-23 00:00:00 |
| Backtesting to              | 2022-09-02 19:56:00 |
| Max open trades             | 3                   |
|                             |                     |
| Total/Daily Avg Trades      | 382 / 38.2          |
| Starting balance            | 10000 USDT          |
| Final balance               | 8040.078 USDT       |
| Absolute profit             | -1959.922 USDT      |
| Total profit %              | -19.6%              |
| CAGR %                      | -99.97%             |
| Trades per day              | 38.2                |
| Avg. daily profit %         | -1.96%              |
| Avg. stake amount           | 2921.21 USDT        |
| Total trade volume          | 1115902.199 USDT    |
|                             |                     |
| Best Pair                   | CITY/USDT 8.36%     |
| Worst Pair                  | ASR/USDT -10.59%    |
| Best trade                  | AVA/USDT 5.0%       |
| Worst trade                 | CTK/USDT -4.09%     |
| Best day                    | 629.53 USDT         |
| Worst day                   | -1113.779 USDT      |
| Days win/draw/lose          | 2 / 0 / 9           |
| Avg. Duration Winners       | 2:23:00             |
| Avg. Duration Loser         | 1:42:00             |
| Rejected Entry signals      | 1636462             |
| Entry/Exit Timeouts         | 0 / 0               |
|                             |                     |
| Min balance                 | 8008.545 USDT       |
| Max balance                 | 10056.214 USDT      |
| Max % of account underwater | 20.36%              |
| Absolute Drawdown (Account) | 20.36%              |
| Absolute Drawdown           | 2047.668 USDT       |
| Drawdown high               | 56.214 USDT         |
| Drawdown low                | -1991.455 USDT      |
| Drawdown Start              | 2022-08-24 05:41:00 |
| Drawdown End                | 2022-08-29 00:17:00 |
| Market change               | -4.29%              |
=====================================================