============================================================= BACKTESTING REPORT ===========================================================
|       Pair   |   Buys |   Avg Profit % |   Cum Profit % |   Tot Profit USDT |   Tot Profit % |   Avg Duration |   Win  Draw  Loss  Win%  |
|--------------+--------+----------------+----------------+-------------------+----------------+----------------+--------------------------|
|    DEXE/USDT |      9 |           1.08 |           9.70 |           288.494 |           2.88 |        0:04:00 |     5     0     4   55.6 |
|     ADX/USDT |      5 |           1.42 |           7.10 |           212.140 |           2.12 |        0:05:00 |     3     0     2   60.0 |
|    FIRO/USDT |      5 |           1.42 |           7.10 |           208.968 |           2.09 |        0:03:00 |     3     0     2   60.0 |
|  ALPACA/USDT |      8 |           0.65 |           5.21 |           164.309 |           1.64 |        0:05:00 |     4     0     4   50.0 |
| AUCTION/USDT |      1 |           4.50 |           4.50 |           143.284 |           1.43 |        0:11:00 |     1     0     0  100.0 |
|    FLUX/USDT |      1 |           4.50 |           4.50 |           141.800 |           1.42 |        0:04:00 |     1     0     0  100.0 |
|    FLOW/USDT |      1 |           4.50 |           4.50 |           131.567 |           1.32 |        0:08:00 |     1     0     0  100.0 |
|     CFX/USDT |      2 |           0.65 |           1.30 |            40.900 |           0.41 |        0:00:00 |     1     0     1   50.0 |
|     BTS/USDT |      2 |           0.65 |           1.30 |            40.057 |           0.40 |        0:02:00 |     1     0     1   50.0 |
|     CTK/USDT |      2 |           0.65 |           1.30 |            38.025 |           0.38 |        0:07:00 |     1     0     1   50.0 |
|   FORTH/USDT |      2 |           0.13 |           0.26 |            12.570 |           0.13 |        0:24:00 |     1     0     1   50.0 |
|     BLZ/USDT |     10 |           0.06 |           0.60 |             9.334 |           0.09 |        0:07:00 |     4     0     6   40.0 |
|   1INCH/USDT |      0 |           0.00 |           0.00 |             0.000 |           0.00 |           0:00 |     0     0     0    0.0 |
|    AAVE/USDT |      0 |           0.00 |           0.00 |             0.000 |           0.00 |           0:00 |     0     0     0    0.0 |
|     ACM/USDT |      0 |           0.00 |           0.00 |             0.000 |           0.00 |           0:00 |     0     0     0    0.0 |
|     ADA/USDT |      0 |           0.00 |           0.00 |             0.000 |           0.00 |           0:00 |     0     0     0    0.0 |
|    ALCX/USDT |      0 |           0.00 |           0.00 |             0.000 |           0.00 |           0:00 |     0     0     0    0.0 |
|    ALGO/USDT |      0 |           0.00 |           0.00 |             0.000 |           0.00 |           0:00 |     0     0     0    0.0 |
|   ALICE/USDT |      0 |           0.00 |           0.00 |             0.000 |           0.00 |           0:00 |     0     0     0    0.0 |
|   ALPHA/USDT |      0 |           0.00 |           0.00 |             0.000 |           0.00 |           0:00 |     0     0     0    0.0 |
|     AMP/USDT |      0 |           0.00 |           0.00 |             0.000 |           0.00 |           0:00 |     0     0     0    0.0 |
|    ANKR/USDT |      0 |           0.00 |           0.00 |             0.000 |           0.00 |           0:00 |     0     0     0    0.0 |
|     ANT/USDT |      0 |           0.00 |           0.00 |             0.000 |           0.00 |           0:00 |     0     0     0    0.0 |
|      AR/USDT |      0 |           0.00 |           0.00 |             0.000 |           0.00 |           0:00 |     0     0     0    0.0 |
|    ARDR/USDT |      0 |           0.00 |           0.00 |             0.000 |           0.00 |           0:00 |     0     0     0    0.0 |
|    ARPA/USDT |      0 |           0.00 |           0.00 |             0.000 |           0.00 |           0:00 |     0     0     0    0.0 |
|     ASR/USDT |      0 |           0.00 |           0.00 |             0.000 |           0.00 |           0:00 |     0     0     0    0.0 |
|     ATA/USDT |      0 |           0.00 |           0.00 |             0.000 |           0.00 |           0:00 |     0     0     0    0.0 |
|     ATM/USDT |      0 |           0.00 |           0.00 |             0.000 |           0.00 |           0:00 |     0     0     0    0.0 |
|    ATOM/USDT |      0 |           0.00 |           0.00 |             0.000 |           0.00 |           0:00 |     0     0     0    0.0 |
|   AUDIO/USDT |      0 |           0.00 |           0.00 |             0.000 |           0.00 |           0:00 |     0     0     0    0.0 |
|    AUTO/USDT |      0 |           0.00 |           0.00 |             0.000 |           0.00 |           0:00 |     0     0     0    0.0 |
|    AVAX/USDT |      0 |           0.00 |           0.00 |             0.000 |           0.00 |           0:00 |     0     0     0    0.0 |
|     AXS/USDT |      0 |           0.00 |           0.00 |             0.000 |           0.00 |           0:00 |     0     0     0    0.0 |
|    BAKE/USDT |      0 |           0.00 |           0.00 |             0.000 |           0.00 |           0:00 |     0     0     0    0.0 |
|     BAL/USDT |      0 |           0.00 |           0.00 |             0.000 |           0.00 |           0:00 |     0     0     0    0.0 |
|    BAND/USDT |      0 |           0.00 |           0.00 |             0.000 |           0.00 |           0:00 |     0     0     0    0.0 |
|     BAR/USDT |      0 |           0.00 |           0.00 |             0.000 |           0.00 |           0:00 |     0     0     0    0.0 |
|     BAT/USDT |      0 |           0.00 |           0.00 |             0.000 |           0.00 |           0:00 |     0     0     0    0.0 |
|     BCH/USDT |      0 |           0.00 |           0.00 |             0.000 |           0.00 |           0:00 |     0     0     0    0.0 |
|     BEL/USDT |      0 |           0.00 |           0.00 |             0.000 |           0.00 |           0:00 |     0     0     0    0.0 |
|    BETA/USDT |      0 |           0.00 |           0.00 |             0.000 |           0.00 |           0:00 |     0     0     0    0.0 |
|     BNB/USDT |      0 |           0.00 |           0.00 |             0.000 |           0.00 |           0:00 |     0     0     0    0.0 |
|     BNT/USDT |      0 |           0.00 |           0.00 |             0.000 |           0.00 |           0:00 |     0     0     0    0.0 |
|     BNX/USDT |      0 |           0.00 |           0.00 |             0.000 |           0.00 |           0:00 |     0     0     0    0.0 |
|     BTC/USDT |      0 |           0.00 |           0.00 |             0.000 |           0.00 |           0:00 |     0     0     0    0.0 |
|     BTG/USDT |      0 |           0.00 |           0.00 |             0.000 |           0.00 |           0:00 |     0     0     0    0.0 |
|     C98/USDT |      0 |           0.00 |           0.00 |             0.000 |           0.00 |           0:00 |     0     0     0    0.0 |
|    CAKE/USDT |      0 |           0.00 |           0.00 |             0.000 |           0.00 |           0:00 |     0     0     0    0.0 |
|    CELO/USDT |      0 |           0.00 |           0.00 |             0.000 |           0.00 |           0:00 |     0     0     0    0.0 |
|    CELR/USDT |      0 |           0.00 |           0.00 |             0.000 |           0.00 |           0:00 |     0     0     0    0.0 |
|     CHZ/USDT |      0 |           0.00 |           0.00 |             0.000 |           0.00 |           0:00 |     0     0     0    0.0 |
|    CITY/USDT |      0 |           0.00 |           0.00 |             0.000 |           0.00 |           0:00 |     0     0     0    0.0 |
|     CLV/USDT |      0 |           0.00 |           0.00 |             0.000 |           0.00 |           0:00 |     0     0     0    0.0 |
|    COMP/USDT |      0 |           0.00 |           0.00 |             0.000 |           0.00 |           0:00 |     0     0     0    0.0 |
|    COTI/USDT |      0 |           0.00 |           0.00 |             0.000 |           0.00 |           0:00 |     0     0     0    0.0 |
|     CRV/USDT |      0 |           0.00 |           0.00 |             0.000 |           0.00 |           0:00 |     0     0     0    0.0 |
|    CTSI/USDT |      0 |           0.00 |           0.00 |             0.000 |           0.00 |           0:00 |     0     0     0    0.0 |
|    CTXC/USDT |      0 |           0.00 |           0.00 |             0.000 |           0.00 |           0:00 |     0     0     0    0.0 |
|     CVC/USDT |      0 |           0.00 |           0.00 |             0.000 |           0.00 |           0:00 |     0     0     0    0.0 |
|     CVX/USDT |      0 |           0.00 |           0.00 |             0.000 |           0.00 |           0:00 |     0     0     0    0.0 |
|     DAR/USDT |      0 |           0.00 |           0.00 |             0.000 |           0.00 |           0:00 |     0     0     0    0.0 |
|    DASH/USDT |      0 |           0.00 |           0.00 |             0.000 |           0.00 |           0:00 |     0     0     0    0.0 |
|    DATA/USDT |      0 |           0.00 |           0.00 |             0.000 |           0.00 |           0:00 |     0     0     0    0.0 |
|    DENT/USDT |      0 |           0.00 |           0.00 |             0.000 |           0.00 |           0:00 |     0     0     0    0.0 |
|      DF/USDT |      0 |           0.00 |           0.00 |             0.000 |           0.00 |           0:00 |     0     0     0    0.0 |
|     DGB/USDT |      0 |           0.00 |           0.00 |             0.000 |           0.00 |           0:00 |     0     0     0    0.0 |
|    DOCK/USDT |      0 |           0.00 |           0.00 |             0.000 |           0.00 |           0:00 |     0     0     0    0.0 |
|    DODO/USDT |      0 |           0.00 |           0.00 |             0.000 |           0.00 |           0:00 |     0     0     0    0.0 |
|    DOGE/USDT |      0 |           0.00 |           0.00 |             0.000 |           0.00 |           0:00 |     0     0     0    0.0 |
|     DOT/USDT |      0 |           0.00 |           0.00 |             0.000 |           0.00 |           0:00 |     0     0     0    0.0 |
|    DREP/USDT |      0 |           0.00 |           0.00 |             0.000 |           0.00 |           0:00 |     0     0     0    0.0 |
|    DUSK/USDT |      0 |           0.00 |           0.00 |             0.000 |           0.00 |           0:00 |     0     0     0    0.0 |
|    DYDX/USDT |      0 |           0.00 |           0.00 |             0.000 |           0.00 |           0:00 |     0     0     0    0.0 |
|    EGLD/USDT |      0 |           0.00 |           0.00 |             0.000 |           0.00 |           0:00 |     0     0     0    0.0 |
|     ELF/USDT |      0 |           0.00 |           0.00 |             0.000 |           0.00 |           0:00 |     0     0     0    0.0 |
|     ENJ/USDT |      0 |           0.00 |           0.00 |             0.000 |           0.00 |           0:00 |     0     0     0    0.0 |
|     ENS/USDT |      0 |           0.00 |           0.00 |             0.000 |           0.00 |           0:00 |     0     0     0    0.0 |
|     EOS/USDT |      0 |           0.00 |           0.00 |             0.000 |           0.00 |           0:00 |     0     0     0    0.0 |
|     ETC/USDT |      0 |           0.00 |           0.00 |             0.000 |           0.00 |           0:00 |     0     0     0    0.0 |
|     ETH/USDT |      0 |           0.00 |           0.00 |             0.000 |           0.00 |           0:00 |     0     0     0    0.0 |
|    FARM/USDT |      0 |           0.00 |           0.00 |             0.000 |           0.00 |           0:00 |     0     0     0    0.0 |
|     FET/USDT |      0 |           0.00 |           0.00 |             0.000 |           0.00 |           0:00 |     0     0     0    0.0 |
|    FIDA/USDT |      0 |           0.00 |           0.00 |             0.000 |           0.00 |           0:00 |     0     0     0    0.0 |
|     FIL/USDT |      0 |           0.00 |           0.00 |             0.000 |           0.00 |           0:00 |     0     0     0    0.0 |
|     FIO/USDT |      0 |           0.00 |           0.00 |             0.000 |           0.00 |           0:00 |     0     0     0    0.0 |
|     FIS/USDT |      0 |           0.00 |           0.00 |             0.000 |           0.00 |           0:00 |     0     0     0    0.0 |
|     FLM/USDT |      0 |           0.00 |           0.00 |             0.000 |           0.00 |           0:00 |     0     0     0    0.0 |
|     FOR/USDT |      0 |           0.00 |           0.00 |             0.000 |           0.00 |           0:00 |     0     0     0    0.0 |
|   FRONT/USDT |      0 |           0.00 |           0.00 |             0.000 |           0.00 |           0:00 |     0     0     0    0.0 |
|     FTM/USDT |      0 |           0.00 |           0.00 |             0.000 |           0.00 |           0:00 |     0     0     0    0.0 |
|     FTT/USDT |      0 |           0.00 |           0.00 |             0.000 |           0.00 |           0:00 |     0     0     0    0.0 |
|     FUN/USDT |      0 |           0.00 |           0.00 |             0.000 |           0.00 |           0:00 |     0     0     0    0.0 |
|     FXS/USDT |      0 |           0.00 |           0.00 |             0.000 |           0.00 |           0:00 |     0     0     0    0.0 |
|    BOND/USDT |      3 |          -0.63 |          -1.89 |           -57.109 |          -0.57 |        0:06:00 |     1     0     2   33.3 |
|  BURGER/USDT |      3 |          -0.63 |          -1.89 |           -57.999 |          -0.58 |        0:06:00 |     1     0     2   33.3 |
|     CHR/USDT |      1 |          -1.92 |          -1.92 |           -60.707 |          -0.61 |        0:33:00 |     0     0     1    0.0 |
|    BICO/USDT |      3 |          -0.63 |          -1.89 |           -63.590 |          -0.64 |        0:06:00 |     1     0     2   33.3 |
|     CVP/USDT |      1 |          -3.19 |          -3.19 |           -87.229 |          -0.87 |        0:00:00 |     0     0     1    0.0 |
|  BADGER/USDT |      1 |          -3.19 |          -3.19 |           -90.495 |          -0.90 |        0:05:00 |     0     0     1    0.0 |
|    AGLD/USDT |      1 |          -3.19 |          -3.19 |           -92.435 |          -0.92 |        0:02:00 |     0     0     1    0.0 |
|     ACH/USDT |      1 |          -3.19 |          -3.19 |           -95.746 |          -0.96 |        0:04:00 |     0     0     1    0.0 |
|     DNT/USDT |      1 |          -3.19 |          -3.19 |           -97.432 |          -0.97 |        0:02:00 |     0     0     1    0.0 |
|     DIA/USDT |      1 |          -3.19 |          -3.19 |           -97.798 |          -0.98 |        0:07:00 |     0     0     1    0.0 |
|     ERN/USDT |      1 |          -3.19 |          -3.19 |           -99.457 |          -0.99 |        0:00:00 |     0     0     1    0.0 |
|     COS/USDT |      1 |          -3.19 |          -3.19 |          -101.815 |          -1.02 |        0:02:00 |     0     0     1    0.0 |
|    AION/USDT |      1 |          -3.19 |          -3.19 |          -105.087 |          -1.05 |        0:02:00 |     0     0     1    0.0 |
|     CKB/USDT |      1 |          -3.19 |          -3.19 |          -105.501 |          -1.06 |        0:00:00 |     0     0     1    0.0 |
|   COCOS/USDT |      3 |          -1.34 |          -4.03 |          -122.168 |          -1.22 |        0:06:00 |     1     0     2   33.3 |
|    AKRO/USDT |      2 |          -3.19 |          -6.39 |          -187.837 |          -1.88 |        0:00:00 |     0     0     2    0.0 |
|   CHESS/USDT |      2 |          -3.19 |          -6.39 |          -194.197 |          -1.94 |        0:00:00 |     0     0     2    0.0 |
|     AVA/USDT |      8 |          -1.16 |          -9.28 |          -289.514 |          -2.90 |        0:06:00 |     2     0     6   25.0 |
|    DEGO/USDT |      3 |          -3.19 |          -9.58 |          -299.421 |          -2.99 |        0:02:00 |     0     0     3    0.0 |
|    BEAM/USDT |      7 |          -2.10 |         -14.67 |          -461.532 |          -4.62 |        0:02:00 |     1     0     6   14.3 |
|     DCR/USDT |      8 |          -2.02 |         -16.16 |          -483.565 |          -4.84 |        0:08:00 |     1     0     7   12.5 |
|        TOTAL |    101 |          -0.58 |         -58.66 |         -1819.186 |         -18.19 |        0:05:00 |    34     0    67   33.7 |
========================================================= ENTER TAG STATS ===========================================================
|   TAG |   Buys |   Avg Profit % |   Cum Profit % |   Tot Profit USDT |   Tot Profit % |   Avg Duration |   Win  Draw  Loss  Win%  |
|-------+--------+----------------+----------------+-------------------+----------------+----------------+--------------------------|
| TOTAL |    101 |          -0.58 |         -58.66 |         -1819.186 |         -18.19 |        0:05:00 |    34     0    67   33.7 |
=====================================================+== EXIT REASON STATS ========================================================
|        Exit Reason |   Exits |   Win  Draws  Loss  Win%  |   Avg Profit % |   Cum Profit % |   Tot Profit USDT |   Tot Profit % |
|--------------------+---------+---------------------------+----------------+----------------+-------------------+----------------|
|          stop_loss |      63 |     0     0    63    0.0  |          -3.19 |        -201.21 |         -6233.734 |         -67.07 |
|                roi |      32 |    32     0     0  100.0  |           4.50 |         143.86 |          4448.786 |          47.95 |
| my_stoploss_signal |       4 |     0     0     4    0.0  |          -1.78 |          -7.12 |          -217.399 |          -2.37 |
| candle_sell_signal |       2 |     2     0     0  100.0  |           2.91 |           5.82 |           183.161 |           1.94 |
====================================================== LEFT OPEN TRADES REPORT =======================================================
|   Pair |   Buys |   Avg Profit % |   Cum Profit % |   Tot Profit USDT |   Tot Profit % |   Avg Duration |   Win  Draw  Loss  Win%  |
|--------+--------+----------------+----------------+-------------------+----------------+----------------+--------------------------|
|  TOTAL |      0 |           0.00 |           0.00 |             0.000 |           0.00 |           0:00 |     0     0     0    0.0 |
================== SUMMARY METRICS ==================
| Metric                      | Value               |
|-----------------------------+---------------------|
| Backtesting from            | 2022-08-23 01:40:00 |
| Backtesting to              | 2022-09-02 19:56:00 |
| Max open trades             | 3                   |
|                             |                     |
| Total/Daily Avg Trades      | 101 / 10.1          |
| Starting balance            | 10000 USDT          |
| Final balance               | 8180.814 USDT       |
| Absolute profit             | -1819.186 USDT      |
| Total profit %              | -18.19%             |
| CAGR %                      | -99.93%             |
| Trades per day              | 10.1                |
| Avg. daily profit %         | -1.82%              |
| Avg. stake amount           | 3091.447 USDT       |
| Total trade volume          | 312236.181 USDT     |
|                             |                     |
| Best Pair                   | DEXE/USDT 9.7%      |
| Worst Pair                  | DCR/USDT -16.16%    |
| Best trade                  | ALPACA/USDT 4.5%    |
| Worst trade                 | CKB/USDT -3.19%     |
| Best day                    | 257.05 USDT         |
| Worst day                   | -570.661 USDT       |
| Days win/draw/lose          | 2 / 0 / 9           |
| Avg. Duration Winners       | 0:06:00             |
| Avg. Duration Loser         | 0:05:00             |
| Rejected Entry signals      | 0                   |
| Entry/Exit Timeouts         | 0 / 0               |
|                             |                     |
| Min balance                 | 8180.814 USDT       |
| Max balance                 | 10066.929 USDT      |
| Max % of account underwater | 18.74%              |
| Absolute Drawdown (Account) | 18.74%              |
| Absolute Drawdown           | 1886.116 USDT       |
| Drawdown high               | 66.929 USDT         |
| Drawdown low                | -1819.186 USDT      |
| Drawdown Start              | 2022-08-24 07:19:00 |
| Drawdown End                | 2022-09-02 13:10:00 |
| Market change               | -4.36%              |
=====================================================