============================================================= BACKTESTING REPORT ===========================================================
|       Pair   |   Buys |   Avg Profit % |   Cum Profit % |   Tot Profit USDT |   Tot Profit % |   Avg Duration |   Win  Draw  Loss  Win%  |
|--------------+--------+----------------+----------------+-------------------+----------------+----------------+--------------------------|
|   ALPHA/USDT |      3 |           1.93 |           5.80 |           170.021 |           1.70 |        0:00:00 |     2     0     1   66.7 |
|    DOCK/USDT |     14 |           0.02 |           0.22 |           157.829 |           1.58 |        0:02:00 |     5     0     9   35.7 |
|   AUDIO/USDT |     11 |           0.40 |           4.45 |            52.288 |           0.52 |        0:03:00 |     5     0     6   45.5 |
|     DIA/USDT |      2 |           0.90 |           1.80 |            30.974 |           0.31 |        0:04:00 |     1     0     1   50.0 |
|  BADGER/USDT |      2 |           0.90 |           1.80 |            19.015 |           0.19 |        0:02:00 |     1     0     1   50.0 |
|    BOND/USDT |     12 |          -0.27 |          -3.25 |            13.824 |           0.14 |        0:01:00 |     4     0     8   33.3 |
|     CHR/USDT |      1 |           2.78 |           2.78 |            13.307 |           0.13 |        0:21:00 |     1     0     0  100.0 |
|    FIRO/USDT |      9 |          -0.13 |          -1.19 |            13.127 |           0.13 |        0:02:00 |     3     0     6   33.3 |
|    BETA/USDT |      7 |          -0.43 |          -2.99 |            12.778 |           0.13 |        0:01:00 |     2     0     5   28.6 |
|  ALPACA/USDT |     25 |           0.03 |           0.83 |            10.722 |           0.11 |        0:01:00 |     9     0    16   36.0 |
|   1INCH/USDT |      0 |           0.00 |           0.00 |             0.000 |           0.00 |           0:00 |     0     0     0    0.0 |
|    AAVE/USDT |      0 |           0.00 |           0.00 |             0.000 |           0.00 |           0:00 |     0     0     0    0.0 |
|     ADA/USDT |      0 |           0.00 |           0.00 |             0.000 |           0.00 |           0:00 |     0     0     0    0.0 |
|    ALCX/USDT |      0 |           0.00 |           0.00 |             0.000 |           0.00 |           0:00 |     0     0     0    0.0 |
|    ALGO/USDT |      0 |           0.00 |           0.00 |             0.000 |           0.00 |           0:00 |     0     0     0    0.0 |
|   ALICE/USDT |      0 |           0.00 |           0.00 |             0.000 |           0.00 |           0:00 |     0     0     0    0.0 |
|    ANKR/USDT |      0 |           0.00 |           0.00 |             0.000 |           0.00 |           0:00 |     0     0     0    0.0 |
|     ANT/USDT |      0 |           0.00 |           0.00 |             0.000 |           0.00 |           0:00 |     0     0     0    0.0 |
|      AR/USDT |      0 |           0.00 |           0.00 |             0.000 |           0.00 |           0:00 |     0     0     0    0.0 |
|    ARPA/USDT |      0 |           0.00 |           0.00 |             0.000 |           0.00 |           0:00 |     0     0     0    0.0 |
|     ATA/USDT |      0 |           0.00 |           0.00 |             0.000 |           0.00 |           0:00 |     0     0     0    0.0 |
|    ATOM/USDT |      0 |           0.00 |           0.00 |             0.000 |           0.00 |           0:00 |     0     0     0    0.0 |
|    AVAX/USDT |      0 |           0.00 |           0.00 |             0.000 |           0.00 |           0:00 |     0     0     0    0.0 |
|     AXS/USDT |      0 |           0.00 |           0.00 |             0.000 |           0.00 |           0:00 |     0     0     0    0.0 |
|    BAKE/USDT |      0 |           0.00 |           0.00 |             0.000 |           0.00 |           0:00 |     0     0     0    0.0 |
|     BAL/USDT |      0 |           0.00 |           0.00 |             0.000 |           0.00 |           0:00 |     0     0     0    0.0 |
|    BAND/USDT |      0 |           0.00 |           0.00 |             0.000 |           0.00 |           0:00 |     0     0     0    0.0 |
|     BAT/USDT |      0 |           0.00 |           0.00 |             0.000 |           0.00 |           0:00 |     0     0     0    0.0 |
|     BCH/USDT |      0 |           0.00 |           0.00 |             0.000 |           0.00 |           0:00 |     0     0     0    0.0 |
|     BLZ/USDT |      0 |           0.00 |           0.00 |             0.000 |           0.00 |           0:00 |     0     0     0    0.0 |
|     BNB/USDT |      0 |           0.00 |           0.00 |             0.000 |           0.00 |           0:00 |     0     0     0    0.0 |
|     BNT/USDT |      0 |           0.00 |           0.00 |             0.000 |           0.00 |           0:00 |     0     0     0    0.0 |
|     BTC/USDT |      0 |           0.00 |           0.00 |             0.000 |           0.00 |           0:00 |     0     0     0    0.0 |
|    CELR/USDT |      0 |           0.00 |           0.00 |             0.000 |           0.00 |           0:00 |     0     0     0    0.0 |
|     CHZ/USDT |      0 |           0.00 |           0.00 |             0.000 |           0.00 |           0:00 |     0     0     0    0.0 |
|    CITY/USDT |      0 |           0.00 |           0.00 |             0.000 |           0.00 |           0:00 |     0     0     0    0.0 |
|     CKB/USDT |      0 |           0.00 |           0.00 |             0.000 |           0.00 |           0:00 |     0     0     0    0.0 |
|    COMP/USDT |      0 |           0.00 |           0.00 |             0.000 |           0.00 |           0:00 |     0     0     0    0.0 |
|    COTI/USDT |      0 |           0.00 |           0.00 |             0.000 |           0.00 |           0:00 |     0     0     0    0.0 |
|     CRV/USDT |      0 |           0.00 |           0.00 |             0.000 |           0.00 |           0:00 |     0     0     0    0.0 |
|     CTK/USDT |      0 |           0.00 |           0.00 |             0.000 |           0.00 |           0:00 |     0     0     0    0.0 |
|    CTSI/USDT |      0 |           0.00 |           0.00 |             0.000 |           0.00 |           0:00 |     0     0     0    0.0 |
|     CVC/USDT |      0 |           0.00 |           0.00 |             0.000 |           0.00 |           0:00 |     0     0     0    0.0 |
|    DASH/USDT |      0 |           0.00 |           0.00 |             0.000 |           0.00 |           0:00 |     0     0     0    0.0 |
|    DENT/USDT |      0 |           0.00 |           0.00 |             0.000 |           0.00 |           0:00 |     0     0     0    0.0 |
|     DGB/USDT |      0 |           0.00 |           0.00 |             0.000 |           0.00 |           0:00 |     0     0     0    0.0 |
|    DODO/USDT |      0 |           0.00 |           0.00 |             0.000 |           0.00 |           0:00 |     0     0     0    0.0 |
|     DOT/USDT |      0 |           0.00 |           0.00 |             0.000 |           0.00 |           0:00 |     0     0     0    0.0 |
|    DYDX/USDT |      0 |           0.00 |           0.00 |             0.000 |           0.00 |           0:00 |     0     0     0    0.0 |
|     ELF/USDT |      0 |           0.00 |           0.00 |             0.000 |           0.00 |           0:00 |     0     0     0    0.0 |
|     ENJ/USDT |      0 |           0.00 |           0.00 |             0.000 |           0.00 |           0:00 |     0     0     0    0.0 |
|     ENS/USDT |      0 |           0.00 |           0.00 |             0.000 |           0.00 |           0:00 |     0     0     0    0.0 |
|     EOS/USDT |      0 |           0.00 |           0.00 |             0.000 |           0.00 |           0:00 |     0     0     0    0.0 |
|     ETH/USDT |      0 |           0.00 |           0.00 |             0.000 |           0.00 |           0:00 |     0     0     0    0.0 |
|     FIL/USDT |      0 |           0.00 |           0.00 |             0.000 |           0.00 |           0:00 |     0     0     0    0.0 |
|     FLM/USDT |      0 |           0.00 |           0.00 |             0.000 |           0.00 |           0:00 |     0     0     0    0.0 |
|    FLOW/USDT |      0 |           0.00 |           0.00 |             0.000 |           0.00 |           0:00 |     0     0     0    0.0 |
|    FLUX/USDT |      0 |           0.00 |           0.00 |             0.000 |           0.00 |           0:00 |     0     0     0    0.0 |
|     FTM/USDT |      0 |           0.00 |           0.00 |             0.000 |           0.00 |           0:00 |     0     0     0    0.0 |
|     FTT/USDT |      0 |           0.00 |           0.00 |             0.000 |           0.00 |           0:00 |     0     0     0    0.0 |
|     FUN/USDT |      0 |           0.00 |           0.00 |             0.000 |           0.00 |           0:00 |     0     0     0    0.0 |
|     FXS/USDT |      0 |           0.00 |           0.00 |             0.000 |           0.00 |           0:00 |     0     0     0    0.0 |
|     DNT/USDT |      3 |          -0.13 |          -0.40 |            -2.542 |          -0.03 |        0:00:00 |     1     0     2   33.3 |
|     DAR/USDT |      6 |          -0.51 |          -3.03 |            -5.928 |          -0.06 |        0:10:00 |     2     0     4   33.3 |
|    FIDA/USDT |      7 |          -0.43 |          -2.99 |            -9.054 |          -0.09 |        0:03:00 |     2     0     5   28.6 |
|    AKRO/USDT |      1 |          -2.20 |          -2.20 |           -11.676 |          -0.12 |        0:00:00 |     0     0     1    0.0 |
|     BTS/USDT |      1 |          -2.20 |          -2.20 |           -12.109 |          -0.12 |        0:00:00 |     0     0     1    0.0 |
|     BEL/USDT |      1 |          -2.20 |          -2.20 |           -12.558 |          -0.13 |        0:00:00 |     0     0     1    0.0 |
|     ACH/USDT |      1 |          -2.20 |          -2.20 |           -12.686 |          -0.13 |        0:01:00 |     0     0     1    0.0 |
|     ETC/USDT |      1 |          -2.20 |          -2.20 |           -16.008 |          -0.16 |        0:11:00 |     0     0     1    0.0 |
|     C98/USDT |      2 |          -1.02 |          -2.03 |           -21.083 |          -0.21 |        0:46:00 |     0     0     2    0.0 |
|     AMP/USDT |      2 |          -2.20 |          -4.39 |           -24.764 |          -0.25 |        0:02:00 |     0     0     2    0.0 |
|     FIO/USDT |     10 |          -0.34 |          -3.38 |           -30.104 |          -0.30 |        0:00:00 |     3     0     7   30.0 |
|     CFX/USDT |      7 |          -0.43 |          -2.99 |           -33.566 |          -0.34 |        0:02:00 |     2     0     5   28.6 |
|    CAKE/USDT |      4 |          -0.65 |          -2.59 |           -36.043 |          -0.36 |        0:02:00 |     1     0     3   25.0 |
|     BTG/USDT |      3 |          -2.20 |          -6.59 |           -36.788 |          -0.37 |        0:06:00 |     0     0     3    0.0 |
|    AUTO/USDT |      3 |          -2.20 |          -6.59 |           -42.504 |          -0.43 |        0:03:00 |     0     0     3    0.0 |
|    DUSK/USDT |      2 |          -1.53 |          -3.06 |           -42.514 |          -0.43 |        0:20:00 |     0     0     2    0.0 |
|    CELO/USDT |      6 |          -0.59 |          -3.53 |           -51.434 |          -0.51 |        0:03:00 |     2     0     4   33.3 |
|     COS/USDT |     31 |          -0.20 |          -6.15 |           -51.833 |          -0.52 |        0:01:00 |    10     0    21   32.3 |
|    EGLD/USDT |      1 |          -2.20 |          -2.20 |           -55.172 |          -0.55 |        0:03:00 |     0     0     1    0.0 |
|    ARDR/USDT |      1 |          -2.20 |          -2.20 |           -55.575 |          -0.56 |        0:01:00 |     0     0     1    0.0 |
|    CTXC/USDT |     14 |          -0.87 |         -12.17 |           -58.800 |          -0.59 |        0:02:00 |     3     0    11   21.4 |
|    DOGE/USDT |      1 |          -2.20 |          -2.20 |           -60.646 |          -0.61 |        0:14:00 |     0     0     1    0.0 |
|     BAR/USDT |      4 |          -0.65 |          -2.59 |           -69.418 |          -0.69 |        0:02:00 |     1     0     3   25.0 |
|     FET/USDT |      8 |          -0.84 |          -6.73 |           -81.527 |          -0.82 |        0:02:00 |     2     0     6   25.0 |
|     ERN/USDT |     12 |          -0.65 |          -7.77 |           -81.922 |          -0.82 |        0:01:00 |     3     0     9   25.0 |
|    BEAM/USDT |      3 |          -2.20 |          -6.59 |           -87.285 |          -0.87 |        0:01:00 |     0     0     3    0.0 |
|    DREP/USDT |      7 |          -0.75 |          -5.22 |           -88.677 |          -0.89 |        0:01:00 |     2     0     5   28.6 |
|    AION/USDT |      2 |          -2.20 |          -4.39 |          -119.105 |          -1.19 |        0:08:00 |     0     0     2    0.0 |
|    DATA/USDT |      3 |          -2.20 |          -6.59 |          -124.592 |          -1.25 |        0:04:00 |     0     0     3    0.0 |
|     BNX/USDT |     17 |          -1.10 |         -18.75 |          -127.190 |          -1.27 |        0:01:00 |     3     0    14   17.6 |
|   FORTH/USDT |      3 |          -2.20 |          -6.59 |          -138.170 |          -1.38 |        0:02:00 |     0     0     3    0.0 |
|    DEXE/USDT |     11 |          -1.07 |         -11.77 |          -156.663 |          -1.57 |        0:01:00 |     2     0     9   18.2 |
|     AVA/USDT |      9 |          -0.82 |          -7.38 |          -174.725 |          -1.75 |        0:01:00 |     2     0     7   22.2 |
|  BURGER/USDT |      6 |          -1.16 |          -6.98 |          -178.804 |          -1.79 |        0:01:00 |     1     0     5   16.7 |
|   COCOS/USDT |      9 |          -0.98 |          -8.81 |          -179.394 |          -1.79 |        0:03:00 |     2     0     7   22.2 |
|     FOR/USDT |     11 |          -1.07 |         -11.77 |          -185.846 |          -1.86 |        0:01:00 |     2     0     9   18.2 |
|     CVX/USDT |      9 |          -1.51 |         -13.57 |          -193.241 |          -1.93 |        0:00:00 |     1     0     8   11.1 |
|     DCR/USDT |     10 |          -1.58 |         -15.77 |          -200.515 |          -2.01 |        0:00:00 |     1     0     9   10.0 |
|    DEGO/USDT |      9 |          -2.20 |         -19.76 |          -203.967 |          -2.04 |        0:01:00 |     0     0     9    0.0 |
|     CLV/USDT |     12 |          -1.68 |         -20.16 |          -214.100 |          -2.14 |        0:01:00 |     1     0    11    8.3 |
|    FARM/USDT |     37 |          -0.48 |         -17.71 |          -224.845 |          -2.25 |        0:01:00 |    11     0    26   29.7 |
|     ACM/USDT |     12 |          -1.16 |         -13.97 |          -239.579 |          -2.40 |        0:01:00 |     2     0    10   16.7 |
|     ADX/USDT |     21 |          -0.72 |         -15.15 |          -244.048 |          -2.44 |        0:01:00 |     5     0    16   23.8 |
|    BICO/USDT |      8 |          -2.06 |         -16.46 |          -247.328 |          -2.47 |        0:10:00 |     0     0     8    0.0 |
|   FRONT/USDT |     21 |          -1.02 |         -21.34 |          -257.189 |          -2.57 |        0:02:00 |     4     0    17   19.0 |
|   CHESS/USDT |     24 |          -0.65 |         -15.55 |          -261.296 |          -2.61 |        0:01:00 |     6     0    18   25.0 |
|    AGLD/USDT |     36 |          -0.62 |         -22.39 |          -284.350 |          -2.84 |        0:03:00 |    10     0    26   27.8 |
|     ATM/USDT |     21 |          -0.72 |         -15.15 |          -344.107 |          -3.44 |        0:02:00 |     5     0    16   23.8 |
|     FIS/USDT |     15 |          -1.78 |         -26.75 |          -424.945 |          -4.25 |        0:02:00 |     1     0    14    6.7 |
| AUCTION/USDT |     46 |          -1.02 |         -47.05 |          -474.901 |          -4.75 |        0:01:00 |     9     0    37   19.6 |
|      DF/USDT |     35 |          -1.13 |         -39.70 |          -724.112 |          -7.24 |        0:01:00 |     6     0    29   17.1 |
|     CVP/USDT |     54 |          -0.93 |         -50.46 |         -1000.553 |         -10.01 |        0:01:00 |    11     0    43   20.4 |
|     ASR/USDT |     54 |          -0.48 |         -25.70 |         -1026.728 |         -10.27 |        0:01:00 |    15     0    39   27.8 |
|        TOTAL |    723 |          -0.80 |        -575.76 |         -8548.624 |         -85.49 |        0:02:00 |   167     0   556   23.1 |
========================================================= ENTER TAG STATS ===========================================================
|   TAG |   Buys |   Avg Profit % |   Cum Profit % |   Tot Profit USDT |   Tot Profit % |   Avg Duration |   Win  Draw  Loss  Win%  |
|-------+--------+----------------+----------------+-------------------+----------------+----------------+--------------------------|
| TOTAL |    723 |          -0.80 |        -575.76 |         -8548.624 |         -85.49 |        0:02:00 |   167     0   556   23.1 |
=====================================================+== EXIT REASON STATS ========================================================
|        Exit Reason |   Exits |   Win  Draws  Loss  Win%  |   Avg Profit % |   Cum Profit % |   Tot Profit USDT |   Tot Profit % |
|--------------------+---------+---------------------------+----------------+----------------+-------------------+----------------|
|          stop_loss |     552 |     0     0   552    0.0  |          -2.20 |       -1212.08 |        -17751.899 |        -404.03 |
|                roi |     154 |   154     0     0  100.0  |           4.00 |         615.38 |          8994.822 |         205.13 |
| candle_sell_signal |      13 |    13     0     0  100.0  |           1.92 |          24.92 |           254.795 |           8.31 |
| my_stoploss_signal |       4 |     0     0     4    0.0  |          -1.00 |          -3.98 |           -46.342 |          -1.33 |
====================================================== LEFT OPEN TRADES REPORT =======================================================
|   Pair |   Buys |   Avg Profit % |   Cum Profit % |   Tot Profit USDT |   Tot Profit % |   Avg Duration |   Win  Draw  Loss  Win%  |
|--------+--------+----------------+----------------+-------------------+----------------+----------------+--------------------------|
|  TOTAL |      0 |           0.00 |           0.00 |             0.000 |           0.00 |           0:00 |     0     0     0    0.0 |
================== SUMMARY METRICS ==================
| Metric                      | Value               |
|-----------------------------+---------------------|
| Backtesting from            | 2022-03-13 01:40:00 |
| Backtesting to              | 2022-03-23 19:11:00 |
| Max open trades             | 3                   |
|                             |                     |
| Total/Daily Avg Trades      | 723 / 72.3          |
| Starting balance            | 10000 USDT          |
| Final balance               | 1451.376 USDT       |
| Absolute profit             | -8548.624 USDT      |
| Total profit %              | -85.49%             |
| CAGR %                      | -100.0%             |
| Trades per day              | 72.3                |
| Avg. daily profit %         | -8.55%              |
| Avg. stake amount           | 1452.401 USDT       |
| Total trade volume          | 1050086.086 USDT    |
|                             |                     |
| Best Pair                   | ALPHA/USDT 5.8%     |
| Worst Pair                  | CVP/USDT -50.46%    |
| Best trade                  | DOCK/USDT 4.0%      |
| Worst trade                 | DOCK/USDT -2.2%     |
| Best day                    | -21.652 USDT        |
| Worst day                   | -2532.76 USDT       |
| Days win/draw/lose          | 0 / 0 / 11          |
| Avg. Duration Winners       | 0:02:00             |
| Avg. Duration Loser         | 0:02:00             |
| Rejected Entry signals      | 1677                |
| Entry/Exit Timeouts         | 0 / 0               |
|                             |                     |
| Min balance                 | 1450.789 USDT       |
| Max balance                 | 10132.0 USDT        |
| Max % of account underwater | 85.68%              |
| Absolute Drawdown (Account) | 85.68%              |
| Absolute Drawdown           | 8681.211 USDT       |
| Drawdown high               | 132.0 USDT          |
| Drawdown low                | -8549.211 USDT      |
| Drawdown Start              | 2022-03-13 05:02:00 |
| Drawdown End                | 2022-03-23 12:48:00 |
| Market change               | 17.05%              |
=====================================================