============================================================= BACKTESTING REPORT ===========================================================
|       Pair   |   Buys |   Avg Profit % |   Cum Profit % |   Tot Profit USDT |   Tot Profit % |   Avg Duration |   Win  Draw  Loss  Win%  |
|--------------+--------+----------------+----------------+-------------------+----------------+----------------+--------------------------|
|     AVA/USDT |     18 |           0.89 |          16.03 |           477.075 |           4.77 |        0:02:00 |    10     0     8   55.6 |
|   FORTH/USDT |      7 |           1.08 |           7.56 |           240.194 |           2.40 |        0:08:00 |     4     0     3   57.1 |
|  ALPACA/USDT |     19 |           0.30 |           5.69 |           181.347 |           1.81 |        0:02:00 |     8     0    11   42.1 |
|    DEXE/USDT |     26 |           0.21 |           5.44 |           125.827 |           1.26 |        0:01:00 |    11     0    15   42.3 |
|    FIRO/USDT |      6 |           0.90 |           5.40 |           123.352 |           1.23 |        0:01:00 |     3     0     3   50.0 |
|    FLOW/USDT |      3 |           1.12 |           3.35 |            74.760 |           0.75 |        0:03:00 |     2     0     1   66.7 |
| AUCTION/USDT |      2 |           0.90 |           1.80 |            68.211 |           0.68 |        0:06:00 |     1     0     1   50.0 |
|     CFX/USDT |      2 |           0.90 |           1.80 |            57.521 |           0.58 |        0:00:00 |     1     0     1   50.0 |
|     ADX/USDT |      9 |           0.30 |           2.69 |            53.532 |           0.54 |        0:04:00 |     4     0     5   44.4 |
|     BAR/USDT |      1 |           2.12 |           2.12 |            49.917 |           0.50 |        0:21:00 |     1     0     0  100.0 |
|     ASR/USDT |      2 |           0.90 |           1.80 |            40.929 |           0.41 |        0:01:00 |     1     0     1   50.0 |
|     DGB/USDT |      2 |           0.90 |           1.80 |            40.217 |           0.40 |        0:00:00 |     1     0     1   50.0 |
|  BURGER/USDT |      5 |           0.28 |           1.40 |            30.403 |           0.30 |        0:02:00 |     2     0     3   40.0 |
|   1INCH/USDT |      0 |           0.00 |           0.00 |             0.000 |           0.00 |           0:00 |     0     0     0    0.0 |
|    AAVE/USDT |      0 |           0.00 |           0.00 |             0.000 |           0.00 |           0:00 |     0     0     0    0.0 |
|     ACM/USDT |      0 |           0.00 |           0.00 |             0.000 |           0.00 |           0:00 |     0     0     0    0.0 |
|     ADA/USDT |      0 |           0.00 |           0.00 |             0.000 |           0.00 |           0:00 |     0     0     0    0.0 |
|    ALGO/USDT |      0 |           0.00 |           0.00 |             0.000 |           0.00 |           0:00 |     0     0     0    0.0 |
|   ALICE/USDT |      0 |           0.00 |           0.00 |             0.000 |           0.00 |           0:00 |     0     0     0    0.0 |
|   ALPHA/USDT |      0 |           0.00 |           0.00 |             0.000 |           0.00 |           0:00 |     0     0     0    0.0 |
|    ANKR/USDT |      0 |           0.00 |           0.00 |             0.000 |           0.00 |           0:00 |     0     0     0    0.0 |
|      AR/USDT |      0 |           0.00 |           0.00 |             0.000 |           0.00 |           0:00 |     0     0     0    0.0 |
|    ARDR/USDT |      0 |           0.00 |           0.00 |             0.000 |           0.00 |           0:00 |     0     0     0    0.0 |
|    ARPA/USDT |      0 |           0.00 |           0.00 |             0.000 |           0.00 |           0:00 |     0     0     0    0.0 |
|     ATA/USDT |      0 |           0.00 |           0.00 |             0.000 |           0.00 |           0:00 |     0     0     0    0.0 |
|    ATOM/USDT |      0 |           0.00 |           0.00 |             0.000 |           0.00 |           0:00 |     0     0     0    0.0 |
|   AUDIO/USDT |      0 |           0.00 |           0.00 |             0.000 |           0.00 |           0:00 |     0     0     0    0.0 |
|    AVAX/USDT |      0 |           0.00 |           0.00 |             0.000 |           0.00 |           0:00 |     0     0     0    0.0 |
|     AXS/USDT |      0 |           0.00 |           0.00 |             0.000 |           0.00 |           0:00 |     0     0     0    0.0 |
|    BAKE/USDT |      0 |           0.00 |           0.00 |             0.000 |           0.00 |           0:00 |     0     0     0    0.0 |
|     BAL/USDT |      0 |           0.00 |           0.00 |             0.000 |           0.00 |           0:00 |     0     0     0    0.0 |
|    BAND/USDT |      0 |           0.00 |           0.00 |             0.000 |           0.00 |           0:00 |     0     0     0    0.0 |
|     BAT/USDT |      0 |           0.00 |           0.00 |             0.000 |           0.00 |           0:00 |     0     0     0    0.0 |
|     BCH/USDT |      0 |           0.00 |           0.00 |             0.000 |           0.00 |           0:00 |     0     0     0    0.0 |
|     BEL/USDT |      0 |           0.00 |           0.00 |             0.000 |           0.00 |           0:00 |     0     0     0    0.0 |
|     BNB/USDT |      0 |           0.00 |           0.00 |             0.000 |           0.00 |           0:00 |     0     0     0    0.0 |
|     BNT/USDT |      0 |           0.00 |           0.00 |             0.000 |           0.00 |           0:00 |     0     0     0    0.0 |
|     BNX/USDT |      0 |           0.00 |           0.00 |             0.000 |           0.00 |           0:00 |     0     0     0    0.0 |
|     BTC/USDT |      0 |           0.00 |           0.00 |             0.000 |           0.00 |           0:00 |     0     0     0    0.0 |
|     C98/USDT |      0 |           0.00 |           0.00 |             0.000 |           0.00 |           0:00 |     0     0     0    0.0 |
|    CAKE/USDT |      0 |           0.00 |           0.00 |             0.000 |           0.00 |           0:00 |     0     0     0    0.0 |
|    CELO/USDT |      0 |           0.00 |           0.00 |             0.000 |           0.00 |           0:00 |     0     0     0    0.0 |
|    CELR/USDT |      0 |           0.00 |           0.00 |             0.000 |           0.00 |           0:00 |     0     0     0    0.0 |
|    CITY/USDT |      0 |           0.00 |           0.00 |             0.000 |           0.00 |           0:00 |     0     0     0    0.0 |
|     CLV/USDT |      0 |           0.00 |           0.00 |             0.000 |           0.00 |           0:00 |     0     0     0    0.0 |
|    COMP/USDT |      0 |           0.00 |           0.00 |             0.000 |           0.00 |           0:00 |     0     0     0    0.0 |
|    COTI/USDT |      0 |           0.00 |           0.00 |             0.000 |           0.00 |           0:00 |     0     0     0    0.0 |
|     CRV/USDT |      0 |           0.00 |           0.00 |             0.000 |           0.00 |           0:00 |     0     0     0    0.0 |
|    CTSI/USDT |      0 |           0.00 |           0.00 |             0.000 |           0.00 |           0:00 |     0     0     0    0.0 |
|    CTXC/USDT |      0 |           0.00 |           0.00 |             0.000 |           0.00 |           0:00 |     0     0     0    0.0 |
|     CVC/USDT |      0 |           0.00 |           0.00 |             0.000 |           0.00 |           0:00 |     0     0     0    0.0 |
|     CVX/USDT |      0 |           0.00 |           0.00 |             0.000 |           0.00 |           0:00 |     0     0     0    0.0 |
|     DAR/USDT |      0 |           0.00 |           0.00 |             0.000 |           0.00 |           0:00 |     0     0     0    0.0 |
|    DASH/USDT |      0 |           0.00 |           0.00 |             0.000 |           0.00 |           0:00 |     0     0     0    0.0 |
|    DATA/USDT |      0 |           0.00 |           0.00 |             0.000 |           0.00 |           0:00 |     0     0     0    0.0 |
|    DENT/USDT |      0 |           0.00 |           0.00 |             0.000 |           0.00 |           0:00 |     0     0     0    0.0 |
|    DOCK/USDT |      0 |           0.00 |           0.00 |             0.000 |           0.00 |           0:00 |     0     0     0    0.0 |
|    DODO/USDT |      0 |           0.00 |           0.00 |             0.000 |           0.00 |           0:00 |     0     0     0    0.0 |
|    DOGE/USDT |      0 |           0.00 |           0.00 |             0.000 |           0.00 |           0:00 |     0     0     0    0.0 |
|     DOT/USDT |      0 |           0.00 |           0.00 |             0.000 |           0.00 |           0:00 |     0     0     0    0.0 |
|    DREP/USDT |      0 |           0.00 |           0.00 |             0.000 |           0.00 |           0:00 |     0     0     0    0.0 |
|    DUSK/USDT |      0 |           0.00 |           0.00 |             0.000 |           0.00 |           0:00 |     0     0     0    0.0 |
|    DYDX/USDT |      0 |           0.00 |           0.00 |             0.000 |           0.00 |           0:00 |     0     0     0    0.0 |
|    EGLD/USDT |      0 |           0.00 |           0.00 |             0.000 |           0.00 |           0:00 |     0     0     0    0.0 |
|     ELF/USDT |      0 |           0.00 |           0.00 |             0.000 |           0.00 |           0:00 |     0     0     0    0.0 |
|     ENJ/USDT |      0 |           0.00 |           0.00 |             0.000 |           0.00 |           0:00 |     0     0     0    0.0 |
|     ENS/USDT |      0 |           0.00 |           0.00 |             0.000 |           0.00 |           0:00 |     0     0     0    0.0 |
|     EOS/USDT |      0 |           0.00 |           0.00 |             0.000 |           0.00 |           0:00 |     0     0     0    0.0 |
|     ETC/USDT |      0 |           0.00 |           0.00 |             0.000 |           0.00 |           0:00 |     0     0     0    0.0 |
|     ETH/USDT |      0 |           0.00 |           0.00 |             0.000 |           0.00 |           0:00 |     0     0     0    0.0 |
|    FARM/USDT |      0 |           0.00 |           0.00 |             0.000 |           0.00 |           0:00 |     0     0     0    0.0 |
|    FIDA/USDT |      0 |           0.00 |           0.00 |             0.000 |           0.00 |           0:00 |     0     0     0    0.0 |
|     FIL/USDT |      0 |           0.00 |           0.00 |             0.000 |           0.00 |           0:00 |     0     0     0    0.0 |
|     FIO/USDT |      0 |           0.00 |           0.00 |             0.000 |           0.00 |           0:00 |     0     0     0    0.0 |
|     FIS/USDT |      0 |           0.00 |           0.00 |             0.000 |           0.00 |           0:00 |     0     0     0    0.0 |
|     FOR/USDT |      0 |           0.00 |           0.00 |             0.000 |           0.00 |           0:00 |     0     0     0    0.0 |
|   FRONT/USDT |      0 |           0.00 |           0.00 |             0.000 |           0.00 |           0:00 |     0     0     0    0.0 |
|     FTM/USDT |      0 |           0.00 |           0.00 |             0.000 |           0.00 |           0:00 |     0     0     0    0.0 |
|     FTT/USDT |      0 |           0.00 |           0.00 |             0.000 |           0.00 |           0:00 |     0     0     0    0.0 |
|     FUN/USDT |      0 |           0.00 |           0.00 |             0.000 |           0.00 |           0:00 |     0     0     0    0.0 |
|     FXS/USDT |      0 |           0.00 |           0.00 |             0.000 |           0.00 |           0:00 |     0     0     0    0.0 |
|    BOND/USDT |      3 |          -0.13 |          -0.40 |            -2.951 |          -0.03 |        0:04:00 |     1     0     2   33.3 |
|    AKRO/USDT |      3 |          -0.13 |          -0.40 |           -10.123 |          -0.10 |        0:01:00 |     1     0     2   33.3 |
|     DIA/USDT |      3 |          -0.13 |          -0.40 |           -10.202 |          -0.10 |        0:03:00 |     1     0     2   33.3 |
|     DNT/USDT |      3 |          -0.13 |          -0.40 |           -10.575 |          -0.11 |        0:00:00 |     1     0     2   33.3 |
|    AION/USDT |      2 |          -0.22 |          -0.43 |           -26.422 |          -0.26 |        0:04:00 |     1     0     1   50.0 |
|  BADGER/USDT |      1 |          -2.20 |          -2.20 |           -50.464 |          -0.50 |        0:03:00 |     0     0     1    0.0 |
|    AGLD/USDT |      1 |          -2.20 |          -2.20 |           -50.667 |          -0.51 |        0:02:00 |     0     0     1    0.0 |
|     ACH/USDT |      1 |          -2.20 |          -2.20 |           -50.765 |          -0.51 |        0:05:00 |     0     0     1    0.0 |
|     ATM/USDT |      1 |          -2.20 |          -2.20 |           -51.037 |          -0.51 |        0:03:00 |     0     0     1    0.0 |
|    ALCX/USDT |      1 |          -2.20 |          -2.20 |           -51.634 |          -0.52 |        0:02:00 |     0     0     1    0.0 |
|     ERN/USDT |      1 |          -2.20 |          -2.20 |           -56.510 |          -0.57 |        0:02:00 |     0     0     1    0.0 |
|     CHR/USDT |      1 |          -2.20 |          -2.20 |           -57.005 |          -0.57 |        0:06:00 |     0     0     1    0.0 |
|     COS/USDT |      1 |          -2.20 |          -2.20 |           -58.092 |          -0.58 |        0:01:00 |     0     0     1    0.0 |
|   CHESS/USDT |      4 |          -0.65 |          -2.59 |           -63.582 |          -0.64 |        0:00:00 |     1     0     3   25.0 |
|    AUTO/USDT |      1 |          -2.20 |          -2.20 |           -68.369 |          -0.68 |        0:00:00 |     0     0     1    0.0 |
|     CKB/USDT |      1 |          -2.20 |          -2.20 |           -69.334 |          -0.69 |        0:00:00 |     0     0     1    0.0 |
|    BICO/USDT |     10 |          -0.34 |          -3.38 |           -89.956 |          -0.90 |        0:01:00 |     3     0     7   30.0 |
|     BTS/USDT |      7 |          -0.43 |          -2.99 |           -94.289 |          -0.94 |        0:01:00 |     2     0     5   28.6 |
|   COCOS/USDT |      4 |          -1.08 |          -4.33 |          -100.119 |          -1.00 |        0:03:00 |     1     0     3   25.0 |
|     BTG/USDT |      2 |          -2.20 |          -4.39 |          -106.790 |          -1.07 |        0:02:00 |     0     0     2    0.0 |
|    BETA/USDT |      2 |          -2.20 |          -4.39 |          -110.018 |          -1.10 |        0:02:00 |     0     0     2    0.0 |
|     FLM/USDT |      2 |          -2.20 |          -4.39 |          -144.413 |          -1.44 |        0:01:00 |     0     0     2    0.0 |
|     FET/USDT |      2 |          -2.20 |          -4.39 |          -144.542 |          -1.45 |        0:00:00 |     0     0     2    0.0 |
|     CVP/USDT |      3 |          -2.20 |          -6.59 |          -146.177 |          -1.46 |        0:02:00 |     0     0     3    0.0 |
|     CHZ/USDT |      3 |          -1.61 |          -4.83 |          -156.943 |          -1.57 |        0:16:00 |     0     0     3    0.0 |
|    FLUX/USDT |      6 |          -1.16 |          -6.98 |          -184.357 |          -1.84 |        0:01:00 |     1     0     5   16.7 |
|      DF/USDT |      4 |          -2.20 |          -8.78 |          -216.335 |          -2.16 |        0:01:00 |     0     0     4    0.0 |
|     BLZ/USDT |     26 |          -0.29 |          -7.56 |          -237.658 |          -2.38 |        0:02:00 |     8     0    18   30.8 |
|    DEGO/USDT |      4 |          -2.20 |          -8.78 |          -250.640 |          -2.51 |        0:00:00 |     0     0     4    0.0 |
|     AMP/USDT |      4 |          -2.20 |          -8.78 |          -279.541 |          -2.80 |        0:00:00 |     0     0     4    0.0 |
|     ANT/USDT |      7 |          -1.31 |          -9.18 |          -296.679 |          -2.97 |        0:00:00 |     1     0     6   14.3 |
|     CTK/USDT |     10 |          -1.58 |         -15.77 |          -401.857 |          -4.02 |        0:02:00 |     1     0     9   10.0 |
|    BEAM/USDT |     14 |          -1.31 |         -18.36 |          -495.726 |          -4.96 |        0:01:00 |     2     0    12   14.3 |
|     DCR/USDT |     29 |          -1.13 |         -32.72 |          -903.406 |          -9.03 |        0:01:00 |     5     0    24   17.2 |
|        TOTAL |    269 |          -0.47 |        -126.28 |         -3483.890 |         -34.84 |        0:02:00 |    79     0   190   29.4 |
========================================================= ENTER TAG STATS ===========================================================
|   TAG |   Buys |   Avg Profit % |   Cum Profit % |   Tot Profit USDT |   Tot Profit % |   Avg Duration |   Win  Draw  Loss  Win%  |
|-------+--------+----------------+----------------+-------------------+----------------+----------------+--------------------------|
| TOTAL |    269 |          -0.47 |        -126.28 |         -3483.890 |         -34.84 |        0:02:00 |    79     0   190   29.4 |
=====================================================+== EXIT REASON STATS ========================================================
|        Exit Reason |   Exits |   Win  Draws  Loss  Win%  |   Avg Profit % |   Cum Profit % |   Tot Profit USDT |   Tot Profit % |
|--------------------+---------+---------------------------+----------------+----------------+-------------------+----------------|
|          stop_loss |     188 |     0     0   188    0.0  |          -2.20 |        -412.81 |        -11110.427 |        -137.60 |
|                roi |      65 |    65     0     0  100.0  |           4.00 |         259.74 |          6933.057 |          86.58 |
| candle_sell_signal |      14 |    14     0     0  100.0  |           1.99 |          27.81 |           726.276 |           9.27 |
| my_stoploss_signal |       2 |     0     0     2    0.0  |          -0.51 |          -1.02 |           -32.796 |          -0.34 |
====================================================== LEFT OPEN TRADES REPORT =======================================================
|   Pair |   Buys |   Avg Profit % |   Cum Profit % |   Tot Profit USDT |   Tot Profit % |   Avg Duration |   Win  Draw  Loss  Win%  |
|--------+--------+----------------+----------------+-------------------+----------------+----------------+--------------------------|
|  TOTAL |      0 |           0.00 |           0.00 |             0.000 |           0.00 |           0:00 |     0     0     0    0.0 |
================== SUMMARY METRICS ==================
| Metric                      | Value               |
|-----------------------------+---------------------|
| Backtesting from            | 2022-08-23 01:40:00 |
| Backtesting to              | 2022-09-02 19:56:00 |
| Max open trades             | 3                   |
|                             |                     |
| Total/Daily Avg Trades      | 269 / 26.9          |
| Starting balance            | 10000 USDT          |
| Final balance               | 6516.11 USDT        |
| Absolute profit             | -3483.89 USDT       |
| Total profit %              | -34.84%             |
| CAGR %                      | -100.0%             |
| Trades per day              | 26.9                |
| Avg. daily profit %         | -3.48%              |
| Avg. stake amount           | 2683.033 USDT       |
| Total trade volume          | 721735.984 USDT     |
|                             |                     |
| Best Pair                   | AVA/USDT 16.03%     |
| Worst Pair                  | DCR/USDT -32.72%    |
| Best trade                  | ANT/USDT 4.0%       |
| Worst trade                 | FET/USDT -2.2%      |
| Best day                    | 121.706 USDT        |
| Worst day                   | -1018.743 USDT      |
| Days win/draw/lose          | 1 / 0 / 10          |
| Avg. Duration Winners       | 0:03:00             |
| Avg. Duration Loser         | 0:02:00             |
| Rejected Entry signals      | 0                   |
| Entry/Exit Timeouts         | 0 / 0               |
|                             |                     |
| Min balance                 | 6516.11 USDT        |
| Max balance                 | 10137.59 USDT       |
| Max % of account underwater | 35.72%              |
| Absolute Drawdown (Account) | 35.72%              |
| Absolute Drawdown           | 3621.48 USDT        |
| Drawdown high               | 137.59 USDT         |
| Drawdown low                | -3483.89 USDT       |
| Drawdown Start              | 2022-08-24 07:22:00 |
| Drawdown End                | 2022-09-02 13:19:00 |
| Market change               | -4.36%              |
=====================================================