============================================================= BACKTESTING REPORT ===========================================================
|       Pair   |   Buys |   Avg Profit % |   Cum Profit % |   Tot Profit USDT |   Tot Profit % |   Avg Duration |   Win  Draw  Loss  Win%  |
|--------------+--------+----------------+----------------+-------------------+----------------+----------------+--------------------------|
|  ALPACA/USDT |      7 |           2.30 |          16.09 |           421.106 |           4.21 |        0:01:00 |     5     0     2   71.4 |
|     ATM/USDT |      6 |           1.93 |          11.59 |           385.461 |           3.85 |        0:08:00 |     4     0     2   66.7 |
|   AUDIO/USDT |      3 |           1.93 |           5.80 |           159.744 |           1.60 |        0:03:00 |     2     0     1   66.7 |
|  BURGER/USDT |      1 |           4.50 |           4.50 |           122.864 |           1.23 |        0:03:00 |     1     0     0  100.0 |
|     FOR/USDT |      1 |           4.50 |           4.50 |           122.654 |           1.23 |        0:04:00 |     1     0     0  100.0 |
|     BNX/USDT |      1 |           4.50 |           4.50 |           122.071 |           1.22 |        0:12:00 |     1     0     0  100.0 |
|    FIDA/USDT |      1 |           4.50 |           4.50 |           116.285 |           1.16 |        0:01:00 |     1     0     0  100.0 |
|     FET/USDT |      3 |           1.25 |           3.76 |            96.038 |           0.96 |        0:01:00 |     2     0     1   66.7 |
|     ASR/USDT |      9 |           0.47 |           4.19 |            83.041 |           0.83 |        0:05:00 |     4     0     5   44.4 |
|    FIRO/USDT |      2 |           0.65 |           1.30 |            70.944 |           0.71 |        0:02:00 |     1     0     1   50.0 |
|    CTXC/USDT |      2 |           0.65 |           1.30 |            63.419 |           0.63 |        0:04:00 |     1     0     1   50.0 |
|    BETA/USDT |      2 |           0.65 |           1.30 |            57.446 |           0.57 |        0:15:00 |     1     0     1   50.0 |
|   ALPHA/USDT |      2 |           0.65 |           1.30 |            44.210 |           0.44 |        0:00:00 |     1     0     1   50.0 |
|     DAR/USDT |      2 |           0.65 |           1.30 |            37.440 |           0.37 |        0:04:00 |     1     0     1   50.0 |
|    DEXE/USDT |      2 |           0.65 |           1.30 |            33.481 |           0.33 |        0:00:00 |     1     0     1   50.0 |
|     ACM/USDT |      2 |           0.65 |           1.30 |            32.395 |           0.32 |        0:06:00 |     1     0     1   50.0 |
|   1INCH/USDT |      0 |           0.00 |           0.00 |             0.000 |           0.00 |           0:00 |     0     0     0    0.0 |
|    AAVE/USDT |      0 |           0.00 |           0.00 |             0.000 |           0.00 |           0:00 |     0     0     0    0.0 |
|     ACH/USDT |      0 |           0.00 |           0.00 |             0.000 |           0.00 |           0:00 |     0     0     0    0.0 |
|     ADA/USDT |      0 |           0.00 |           0.00 |             0.000 |           0.00 |           0:00 |     0     0     0    0.0 |
|    AKRO/USDT |      0 |           0.00 |           0.00 |             0.000 |           0.00 |           0:00 |     0     0     0    0.0 |
|    ALCX/USDT |      0 |           0.00 |           0.00 |             0.000 |           0.00 |           0:00 |     0     0     0    0.0 |
|    ALGO/USDT |      0 |           0.00 |           0.00 |             0.000 |           0.00 |           0:00 |     0     0     0    0.0 |
|   ALICE/USDT |      0 |           0.00 |           0.00 |             0.000 |           0.00 |           0:00 |     0     0     0    0.0 |
|     AMP/USDT |      0 |           0.00 |           0.00 |             0.000 |           0.00 |           0:00 |     0     0     0    0.0 |
|    ANKR/USDT |      0 |           0.00 |           0.00 |             0.000 |           0.00 |           0:00 |     0     0     0    0.0 |
|     ANT/USDT |      0 |           0.00 |           0.00 |             0.000 |           0.00 |           0:00 |     0     0     0    0.0 |
|      AR/USDT |      0 |           0.00 |           0.00 |             0.000 |           0.00 |           0:00 |     0     0     0    0.0 |
|    ARDR/USDT |      0 |           0.00 |           0.00 |             0.000 |           0.00 |           0:00 |     0     0     0    0.0 |
|    ARPA/USDT |      0 |           0.00 |           0.00 |             0.000 |           0.00 |           0:00 |     0     0     0    0.0 |
|     ATA/USDT |      0 |           0.00 |           0.00 |             0.000 |           0.00 |           0:00 |     0     0     0    0.0 |
|    ATOM/USDT |      0 |           0.00 |           0.00 |             0.000 |           0.00 |           0:00 |     0     0     0    0.0 |
|    AUTO/USDT |      0 |           0.00 |           0.00 |             0.000 |           0.00 |           0:00 |     0     0     0    0.0 |
|    AVAX/USDT |      0 |           0.00 |           0.00 |             0.000 |           0.00 |           0:00 |     0     0     0    0.0 |
|     AXS/USDT |      0 |           0.00 |           0.00 |             0.000 |           0.00 |           0:00 |     0     0     0    0.0 |
|  BADGER/USDT |      0 |           0.00 |           0.00 |             0.000 |           0.00 |           0:00 |     0     0     0    0.0 |
|    BAKE/USDT |      0 |           0.00 |           0.00 |             0.000 |           0.00 |           0:00 |     0     0     0    0.0 |
|     BAL/USDT |      0 |           0.00 |           0.00 |             0.000 |           0.00 |           0:00 |     0     0     0    0.0 |
|    BAND/USDT |      0 |           0.00 |           0.00 |             0.000 |           0.00 |           0:00 |     0     0     0    0.0 |
|     BAT/USDT |      0 |           0.00 |           0.00 |             0.000 |           0.00 |           0:00 |     0     0     0    0.0 |
|     BCH/USDT |      0 |           0.00 |           0.00 |             0.000 |           0.00 |           0:00 |     0     0     0    0.0 |
|    BEAM/USDT |      0 |           0.00 |           0.00 |             0.000 |           0.00 |           0:00 |     0     0     0    0.0 |
|     BEL/USDT |      0 |           0.00 |           0.00 |             0.000 |           0.00 |           0:00 |     0     0     0    0.0 |
|     BLZ/USDT |      0 |           0.00 |           0.00 |             0.000 |           0.00 |           0:00 |     0     0     0    0.0 |
|     BNB/USDT |      0 |           0.00 |           0.00 |             0.000 |           0.00 |           0:00 |     0     0     0    0.0 |
|     BNT/USDT |      0 |           0.00 |           0.00 |             0.000 |           0.00 |           0:00 |     0     0     0    0.0 |
|     BTC/USDT |      0 |           0.00 |           0.00 |             0.000 |           0.00 |           0:00 |     0     0     0    0.0 |
|     BTS/USDT |      0 |           0.00 |           0.00 |             0.000 |           0.00 |           0:00 |     0     0     0    0.0 |
|     C98/USDT |      0 |           0.00 |           0.00 |             0.000 |           0.00 |           0:00 |     0     0     0    0.0 |
|    CAKE/USDT |      0 |           0.00 |           0.00 |             0.000 |           0.00 |           0:00 |     0     0     0    0.0 |
|    CELR/USDT |      0 |           0.00 |           0.00 |             0.000 |           0.00 |           0:00 |     0     0     0    0.0 |
|     CHZ/USDT |      0 |           0.00 |           0.00 |             0.000 |           0.00 |           0:00 |     0     0     0    0.0 |
|    CITY/USDT |      0 |           0.00 |           0.00 |             0.000 |           0.00 |           0:00 |     0     0     0    0.0 |
|     CKB/USDT |      0 |           0.00 |           0.00 |             0.000 |           0.00 |           0:00 |     0     0     0    0.0 |
|    COMP/USDT |      0 |           0.00 |           0.00 |             0.000 |           0.00 |           0:00 |     0     0     0    0.0 |
|    COTI/USDT |      0 |           0.00 |           0.00 |             0.000 |           0.00 |           0:00 |     0     0     0    0.0 |
|     CRV/USDT |      0 |           0.00 |           0.00 |             0.000 |           0.00 |           0:00 |     0     0     0    0.0 |
|     CTK/USDT |      0 |           0.00 |           0.00 |             0.000 |           0.00 |           0:00 |     0     0     0    0.0 |
|    CTSI/USDT |      0 |           0.00 |           0.00 |             0.000 |           0.00 |           0:00 |     0     0     0    0.0 |
|     CVC/USDT |      0 |           0.00 |           0.00 |             0.000 |           0.00 |           0:00 |     0     0     0    0.0 |
|     CVX/USDT |      0 |           0.00 |           0.00 |             0.000 |           0.00 |           0:00 |     0     0     0    0.0 |
|    DASH/USDT |      0 |           0.00 |           0.00 |             0.000 |           0.00 |           0:00 |     0     0     0    0.0 |
|    DATA/USDT |      0 |           0.00 |           0.00 |             0.000 |           0.00 |           0:00 |     0     0     0    0.0 |
|     DCR/USDT |      0 |           0.00 |           0.00 |             0.000 |           0.00 |           0:00 |     0     0     0    0.0 |
|    DENT/USDT |      0 |           0.00 |           0.00 |             0.000 |           0.00 |           0:00 |     0     0     0    0.0 |
|     DGB/USDT |      0 |           0.00 |           0.00 |             0.000 |           0.00 |           0:00 |     0     0     0    0.0 |
|     DIA/USDT |      0 |           0.00 |           0.00 |             0.000 |           0.00 |           0:00 |     0     0     0    0.0 |
|     DNT/USDT |      0 |           0.00 |           0.00 |             0.000 |           0.00 |           0:00 |     0     0     0    0.0 |
|    DODO/USDT |      0 |           0.00 |           0.00 |             0.000 |           0.00 |           0:00 |     0     0     0    0.0 |
|     DOT/USDT |      0 |           0.00 |           0.00 |             0.000 |           0.00 |           0:00 |     0     0     0    0.0 |
|    DUSK/USDT |      0 |           0.00 |           0.00 |             0.000 |           0.00 |           0:00 |     0     0     0    0.0 |
|    DYDX/USDT |      0 |           0.00 |           0.00 |             0.000 |           0.00 |           0:00 |     0     0     0    0.0 |
|    EGLD/USDT |      0 |           0.00 |           0.00 |             0.000 |           0.00 |           0:00 |     0     0     0    0.0 |
|     ELF/USDT |      0 |           0.00 |           0.00 |             0.000 |           0.00 |           0:00 |     0     0     0    0.0 |
|     ENJ/USDT |      0 |           0.00 |           0.00 |             0.000 |           0.00 |           0:00 |     0     0     0    0.0 |
|     ENS/USDT |      0 |           0.00 |           0.00 |             0.000 |           0.00 |           0:00 |     0     0     0    0.0 |
|     EOS/USDT |      0 |           0.00 |           0.00 |             0.000 |           0.00 |           0:00 |     0     0     0    0.0 |
|     ETC/USDT |      0 |           0.00 |           0.00 |             0.000 |           0.00 |           0:00 |     0     0     0    0.0 |
|     ETH/USDT |      0 |           0.00 |           0.00 |             0.000 |           0.00 |           0:00 |     0     0     0    0.0 |
|     FIL/USDT |      0 |           0.00 |           0.00 |             0.000 |           0.00 |           0:00 |     0     0     0    0.0 |
|     FIS/USDT |      0 |           0.00 |           0.00 |             0.000 |           0.00 |           0:00 |     0     0     0    0.0 |
|     FLM/USDT |      0 |           0.00 |           0.00 |             0.000 |           0.00 |           0:00 |     0     0     0    0.0 |
|    FLOW/USDT |      0 |           0.00 |           0.00 |             0.000 |           0.00 |           0:00 |     0     0     0    0.0 |
|    FLUX/USDT |      0 |           0.00 |           0.00 |             0.000 |           0.00 |           0:00 |     0     0     0    0.0 |
|   FORTH/USDT |      0 |           0.00 |           0.00 |             0.000 |           0.00 |           0:00 |     0     0     0    0.0 |
|     FTM/USDT |      0 |           0.00 |           0.00 |             0.000 |           0.00 |           0:00 |     0     0     0    0.0 |
|     FTT/USDT |      0 |           0.00 |           0.00 |             0.000 |           0.00 |           0:00 |     0     0     0    0.0 |
|     FUN/USDT |      0 |           0.00 |           0.00 |             0.000 |           0.00 |           0:00 |     0     0     0    0.0 |
|     FXS/USDT |      0 |           0.00 |           0.00 |             0.000 |           0.00 |           0:00 |     0     0     0    0.0 |
|    DOCK/USDT |      5 |          -0.12 |          -0.59 |           -25.011 |          -0.25 |        0:02:00 |     2     0     3   40.0 |
|     CHR/USDT |      1 |          -1.11 |          -1.11 |           -29.200 |          -0.29 |        1:15:00 |     0     0     1    0.0 |
|    CELO/USDT |      1 |          -1.06 |          -1.06 |           -30.839 |          -0.31 |        0:37:00 |     0     0     1    0.0 |
|     CFX/USDT |      3 |          -0.63 |          -1.89 |           -48.888 |          -0.49 |        0:03:00 |     1     0     2   33.3 |
|     AVA/USDT |      3 |          -0.63 |          -1.89 |           -67.821 |          -0.68 |        0:00:00 |     1     0     2   33.3 |
|     BTG/USDT |      1 |          -3.19 |          -3.19 |           -82.957 |          -0.83 |        0:15:00 |     0     0     1    0.0 |
|   COCOS/USDT |      1 |          -3.19 |          -3.19 |           -83.467 |          -0.83 |        0:06:00 |     0     0     1    0.0 |
|     CLV/USDT |      1 |          -3.19 |          -3.19 |           -83.667 |          -0.84 |        0:02:00 |     0     0     1    0.0 |
|     BAR/USDT |      1 |          -3.19 |          -3.19 |           -84.385 |          -0.84 |        0:00:00 |     0     0     1    0.0 |
|     FIO/USDT |      1 |          -3.19 |          -3.19 |           -88.584 |          -0.89 |        0:00:00 |     0     0     1    0.0 |
|    DOGE/USDT |      1 |          -2.63 |          -2.63 |           -89.215 |          -0.89 |        0:33:00 |     0     0     1    0.0 |
|    BICO/USDT |      1 |          -3.19 |          -3.19 |           -94.590 |          -0.95 |        0:30:00 |     0     0     1    0.0 |
|    AION/USDT |      1 |          -3.19 |          -3.19 |          -102.888 |          -1.03 |        0:14:00 |     0     0     1    0.0 |
|    BOND/USDT |      1 |          -3.19 |          -3.19 |          -107.598 |          -1.08 |        0:00:00 |     0     0     1    0.0 |
|     ERN/USDT |      2 |          -3.19 |          -6.39 |          -174.090 |          -1.74 |        0:08:00 |     0     0     2    0.0 |
|    AGLD/USDT |      2 |          -3.19 |          -6.39 |          -183.934 |          -1.84 |        0:02:00 |     0     0     2    0.0 |
|    DREP/USDT |      2 |          -3.19 |          -6.39 |          -193.335 |          -1.93 |        0:04:00 |     0     0     2    0.0 |
|   CHESS/USDT |      2 |          -3.19 |          -6.39 |          -194.803 |          -1.95 |        0:04:00 |     0     0     2    0.0 |
|      DF/USDT |      2 |          -3.19 |          -6.39 |          -210.436 |          -2.10 |        0:02:00 |     0     0     2    0.0 |
| AUCTION/USDT |      9 |          -0.82 |          -7.37 |          -211.095 |          -2.11 |        0:04:00 |     3     0     6   33.3 |
|    DEGO/USDT |      3 |          -3.19 |          -9.58 |          -265.898 |          -2.66 |        0:01:00 |     0     0     3    0.0 |
|   FRONT/USDT |      7 |          -1.31 |          -9.15 |          -272.790 |          -2.73 |        0:05:00 |     2     0     5   28.6 |
|     COS/USDT |      6 |          -1.91 |         -11.47 |          -323.544 |          -3.24 |        0:02:00 |     1     0     5   16.7 |
|    FARM/USDT |      8 |          -1.52 |         -12.18 |          -334.734 |          -3.35 |        0:02:00 |     2     0     6   25.0 |
|     ADX/USDT |      6 |          -1.91 |         -11.47 |          -349.956 |          -3.50 |        0:01:00 |     1     0     5   16.7 |
|     CVP/USDT |      7 |          -2.10 |         -14.67 |          -470.845 |          -4.71 |        0:00:00 |     1     0     6   14.3 |
|        TOTAL |    124 |          -0.60 |         -74.05 |         -2235.970 |         -22.36 |        0:05:00 |    42     0    82   33.9 |
========================================================= ENTER TAG STATS ===========================================================
|   TAG |   Buys |   Avg Profit % |   Cum Profit % |   Tot Profit USDT |   Tot Profit % |   Avg Duration |   Win  Draw  Loss  Win%  |
|-------+--------+----------------+----------------+-------------------+----------------+----------------+--------------------------|
| TOTAL |    124 |          -0.60 |         -74.05 |         -2235.970 |         -22.36 |        0:05:00 |    42     0    82   33.9 |
=====================================================+== EXIT REASON STATS ========================================================
|        Exit Reason |   Exits |   Win  Draws  Loss  Win%  |   Avg Profit % |   Cum Profit % |   Tot Profit USDT |   Tot Profit % |
|--------------------+---------+---------------------------+----------------+----------------+-------------------+----------------|
|          stop_loss |      78 |     0     0    78    0.0  |          -3.19 |        -249.12 |         -7341.350 |         -83.04 |
|                roi |      38 |    38     0     0  100.0  |           4.50 |         170.83 |          5017.986 |          56.94 |
| my_stoploss_signal |       4 |     0     0     4    0.0  |          -1.46 |          -5.82 |          -180.729 |          -1.94 |
| candle_sell_signal |       4 |     4     0     0  100.0  |           2.52 |          10.06 |           268.123 |           3.35 |
====================================================== LEFT OPEN TRADES REPORT =======================================================
|   Pair |   Buys |   Avg Profit % |   Cum Profit % |   Tot Profit USDT |   Tot Profit % |   Avg Duration |   Win  Draw  Loss  Win%  |
|--------+--------+----------------+----------------+-------------------+----------------+----------------+--------------------------|
|  TOTAL |      0 |           0.00 |           0.00 |             0.000 |           0.00 |           0:00 |     0     0     0    0.0 |
================== SUMMARY METRICS ==================
| Metric                      | Value               |
|-----------------------------+---------------------|
| Backtesting from            | 2022-03-13 01:40:00 |
| Backtesting to              | 2022-03-23 19:11:00 |
| Max open trades             | 3                   |
|                             |                     |
| Total/Daily Avg Trades      | 124 / 12.4          |
| Starting balance            | 10000 USDT          |
| Final balance               | 7764.03 USDT        |
| Absolute profit             | -2235.97 USDT       |
| Total profit %              | -22.36%             |
| CAGR %                      | -99.99%             |
| Trades per day              | 12.4                |
| Avg. daily profit %         | -2.24%              |
| Avg. stake amount           | 2933.617 USDT       |
| Total trade volume          | 363768.447 USDT     |
|                             |                     |
| Best Pair                   | ALPACA/USDT 16.09%  |
| Worst Pair                  | CVP/USDT -14.67%    |
| Best trade                  | ASR/USDT 4.5%       |
| Worst trade                 | ATM/USDT -3.19%     |
| Best day                    | 379.131 USDT        |
| Worst day                   | -851.527 USDT       |
| Days win/draw/lose          | 2 / 1 / 8           |
| Avg. Duration Winners       | 0:04:00             |
| Avg. Duration Loser         | 0:05:00             |
| Rejected Entry signals      | 0                   |
| Entry/Exit Timeouts         | 0 / 0               |
|                             |                     |
| Min balance                 | 7654.628 USDT       |
| Max balance                 | 10828.935 USDT      |
| Max % of account underwater | 29.31%              |
| Absolute Drawdown (Account) | 29.31%              |
| Absolute Drawdown           | 3174.307 USDT       |
| Drawdown high               | 828.935 USDT        |
| Drawdown low                | -2345.372 USDT      |
| Drawdown Start              | 2022-03-13 17:41:00 |
| Drawdown End                | 2022-03-22 11:05:00 |
| Market change               | 17.05%              |
=====================================================