============================================================= BACKTESTING REPORT ===========================================================
|       Pair   |   Buys |   Avg Profit % |   Cum Profit % |   Tot Profit USDT |   Tot Profit % |   Avg Duration |   Win  Draw  Loss  Win%  |
|--------------+--------+----------------+----------------+-------------------+----------------+----------------+--------------------------|
|     ACM/USDT |      1 |           0.70 |           0.70 |            22.623 |           0.23 |        0:23:00 |     1     0     0  100.0 |
|    BOND/USDT |      1 |           0.70 |           0.70 |            22.571 |           0.23 |        0:09:00 |     1     0     0  100.0 |
|   1INCH/USDT |      0 |           0.00 |           0.00 |             0.000 |           0.00 |           0:00 |     0     0     0    0.0 |
|    AAVE/USDT |      0 |           0.00 |           0.00 |             0.000 |           0.00 |           0:00 |     0     0     0    0.0 |
|     ACH/USDT |      0 |           0.00 |           0.00 |             0.000 |           0.00 |           0:00 |     0     0     0    0.0 |
|     ADA/USDT |      0 |           0.00 |           0.00 |             0.000 |           0.00 |           0:00 |     0     0     0    0.0 |
|     ADX/USDT |      0 |           0.00 |           0.00 |             0.000 |           0.00 |           0:00 |     0     0     0    0.0 |
|    AGLD/USDT |      0 |           0.00 |           0.00 |             0.000 |           0.00 |           0:00 |     0     0     0    0.0 |
|    AION/USDT |      0 |           0.00 |           0.00 |             0.000 |           0.00 |           0:00 |     0     0     0    0.0 |
|    AKRO/USDT |      0 |           0.00 |           0.00 |             0.000 |           0.00 |           0:00 |     0     0     0    0.0 |
|    ALCX/USDT |      0 |           0.00 |           0.00 |             0.000 |           0.00 |           0:00 |     0     0     0    0.0 |
|    ALGO/USDT |      0 |           0.00 |           0.00 |             0.000 |           0.00 |           0:00 |     0     0     0    0.0 |
|   ALICE/USDT |      0 |           0.00 |           0.00 |             0.000 |           0.00 |           0:00 |     0     0     0    0.0 |
|  ALPACA/USDT |      0 |           0.00 |           0.00 |             0.000 |           0.00 |           0:00 |     0     0     0    0.0 |
|   ALPHA/USDT |      0 |           0.00 |           0.00 |             0.000 |           0.00 |           0:00 |     0     0     0    0.0 |
|     AMP/USDT |      0 |           0.00 |           0.00 |             0.000 |           0.00 |           0:00 |     0     0     0    0.0 |
|     ANT/USDT |      0 |           0.00 |           0.00 |             0.000 |           0.00 |           0:00 |     0     0     0    0.0 |
|    ARDR/USDT |      0 |           0.00 |           0.00 |             0.000 |           0.00 |           0:00 |     0     0     0    0.0 |
|    ARPA/USDT |      0 |           0.00 |           0.00 |             0.000 |           0.00 |           0:00 |     0     0     0    0.0 |
|     ASR/USDT |      0 |           0.00 |           0.00 |             0.000 |           0.00 |           0:00 |     0     0     0    0.0 |
|     ATA/USDT |      0 |           0.00 |           0.00 |             0.000 |           0.00 |           0:00 |     0     0     0    0.0 |
|     ATM/USDT |      0 |           0.00 |           0.00 |             0.000 |           0.00 |           0:00 |     0     0     0    0.0 |
| AUCTION/USDT |      0 |           0.00 |           0.00 |             0.000 |           0.00 |           0:00 |     0     0     0    0.0 |
|   AUDIO/USDT |      0 |           0.00 |           0.00 |             0.000 |           0.00 |           0:00 |     0     0     0    0.0 |
|    AUTO/USDT |      0 |           0.00 |           0.00 |             0.000 |           0.00 |           0:00 |     0     0     0    0.0 |
|     AVA/USDT |      0 |           0.00 |           0.00 |             0.000 |           0.00 |           0:00 |     0     0     0    0.0 |
|    AVAX/USDT |      0 |           0.00 |           0.00 |             0.000 |           0.00 |           0:00 |     0     0     0    0.0 |
|     AXS/USDT |      0 |           0.00 |           0.00 |             0.000 |           0.00 |           0:00 |     0     0     0    0.0 |
|  BADGER/USDT |      0 |           0.00 |           0.00 |             0.000 |           0.00 |           0:00 |     0     0     0    0.0 |
|    BAKE/USDT |      0 |           0.00 |           0.00 |             0.000 |           0.00 |           0:00 |     0     0     0    0.0 |
|     BAL/USDT |      0 |           0.00 |           0.00 |             0.000 |           0.00 |           0:00 |     0     0     0    0.0 |
|    BAND/USDT |      0 |           0.00 |           0.00 |             0.000 |           0.00 |           0:00 |     0     0     0    0.0 |
|     BAR/USDT |      0 |           0.00 |           0.00 |             0.000 |           0.00 |           0:00 |     0     0     0    0.0 |
|     BAT/USDT |      0 |           0.00 |           0.00 |             0.000 |           0.00 |           0:00 |     0     0     0    0.0 |
|     BCH/USDT |      0 |           0.00 |           0.00 |             0.000 |           0.00 |           0:00 |     0     0     0    0.0 |
|    BEAM/USDT |      0 |           0.00 |           0.00 |             0.000 |           0.00 |           0:00 |     0     0     0    0.0 |
|     BEL/USDT |      0 |           0.00 |           0.00 |             0.000 |           0.00 |           0:00 |     0     0     0    0.0 |
|    BICO/USDT |      0 |           0.00 |           0.00 |             0.000 |           0.00 |           0:00 |     0     0     0    0.0 |
|     BLZ/USDT |      0 |           0.00 |           0.00 |             0.000 |           0.00 |           0:00 |     0     0     0    0.0 |
|     BNB/USDT |      0 |           0.00 |           0.00 |             0.000 |           0.00 |           0:00 |     0     0     0    0.0 |
|     BNT/USDT |      0 |           0.00 |           0.00 |             0.000 |           0.00 |           0:00 |     0     0     0    0.0 |
|     BNX/USDT |      0 |           0.00 |           0.00 |             0.000 |           0.00 |           0:00 |     0     0     0    0.0 |
|     BTC/USDT |      0 |           0.00 |           0.00 |             0.000 |           0.00 |           0:00 |     0     0     0    0.0 |
|     BTG/USDT |      0 |           0.00 |           0.00 |             0.000 |           0.00 |           0:00 |     0     0     0    0.0 |
|     BTS/USDT |      0 |           0.00 |           0.00 |             0.000 |           0.00 |           0:00 |     0     0     0    0.0 |
|  BURGER/USDT |      0 |           0.00 |           0.00 |             0.000 |           0.00 |           0:00 |     0     0     0    0.0 |
|     C98/USDT |      0 |           0.00 |           0.00 |             0.000 |           0.00 |           0:00 |     0     0     0    0.0 |
|    CAKE/USDT |      0 |           0.00 |           0.00 |             0.000 |           0.00 |           0:00 |     0     0     0    0.0 |
|    CELO/USDT |      0 |           0.00 |           0.00 |             0.000 |           0.00 |           0:00 |     0     0     0    0.0 |
|    CELR/USDT |      0 |           0.00 |           0.00 |             0.000 |           0.00 |           0:00 |     0     0     0    0.0 |
|     CFX/USDT |      0 |           0.00 |           0.00 |             0.000 |           0.00 |           0:00 |     0     0     0    0.0 |
|   CHESS/USDT |      0 |           0.00 |           0.00 |             0.000 |           0.00 |           0:00 |     0     0     0    0.0 |
|     CHR/USDT |      0 |           0.00 |           0.00 |             0.000 |           0.00 |           0:00 |     0     0     0    0.0 |
|     CHZ/USDT |      0 |           0.00 |           0.00 |             0.000 |           0.00 |           0:00 |     0     0     0    0.0 |
|    CITY/USDT |      0 |           0.00 |           0.00 |             0.000 |           0.00 |           0:00 |     0     0     0    0.0 |
|     CKB/USDT |      0 |           0.00 |           0.00 |             0.000 |           0.00 |           0:00 |     0     0     0    0.0 |
|   COCOS/USDT |      0 |           0.00 |           0.00 |             0.000 |           0.00 |           0:00 |     0     0     0    0.0 |
|    COMP/USDT |      0 |           0.00 |           0.00 |             0.000 |           0.00 |           0:00 |     0     0     0    0.0 |
|     COS/USDT |      0 |           0.00 |           0.00 |             0.000 |           0.00 |           0:00 |     0     0     0    0.0 |
|    COTI/USDT |      0 |           0.00 |           0.00 |             0.000 |           0.00 |           0:00 |     0     0     0    0.0 |
|     CRV/USDT |      0 |           0.00 |           0.00 |             0.000 |           0.00 |           0:00 |     0     0     0    0.0 |
|     CTK/USDT |      0 |           0.00 |           0.00 |             0.000 |           0.00 |           0:00 |     0     0     0    0.0 |
|    CTSI/USDT |      0 |           0.00 |           0.00 |             0.000 |           0.00 |           0:00 |     0     0     0    0.0 |
|    CTXC/USDT |      0 |           0.00 |           0.00 |             0.000 |           0.00 |           0:00 |     0     0     0    0.0 |
|     CVC/USDT |      0 |           0.00 |           0.00 |             0.000 |           0.00 |           0:00 |     0     0     0    0.0 |
|    DASH/USDT |      0 |           0.00 |           0.00 |             0.000 |           0.00 |           0:00 |     0     0     0    0.0 |
|    DATA/USDT |      0 |           0.00 |           0.00 |             0.000 |           0.00 |           0:00 |     0     0     0    0.0 |
|     DCR/USDT |      0 |           0.00 |           0.00 |             0.000 |           0.00 |           0:00 |     0     0     0    0.0 |
|    DEGO/USDT |      0 |           0.00 |           0.00 |             0.000 |           0.00 |           0:00 |     0     0     0    0.0 |
|    DENT/USDT |      0 |           0.00 |           0.00 |             0.000 |           0.00 |           0:00 |     0     0     0    0.0 |
|    DEXE/USDT |      0 |           0.00 |           0.00 |             0.000 |           0.00 |           0:00 |     0     0     0    0.0 |
|      DF/USDT |      0 |           0.00 |           0.00 |             0.000 |           0.00 |           0:00 |     0     0     0    0.0 |
|     DGB/USDT |      0 |           0.00 |           0.00 |             0.000 |           0.00 |           0:00 |     0     0     0    0.0 |
|     DIA/USDT |      0 |           0.00 |           0.00 |             0.000 |           0.00 |           0:00 |     0     0     0    0.0 |
|     DNT/USDT |      0 |           0.00 |           0.00 |             0.000 |           0.00 |           0:00 |     0     0     0    0.0 |
|    DOCK/USDT |      0 |           0.00 |           0.00 |             0.000 |           0.00 |           0:00 |     0     0     0    0.0 |
|    DODO/USDT |      0 |           0.00 |           0.00 |             0.000 |           0.00 |           0:00 |     0     0     0    0.0 |
|    DOGE/USDT |      0 |           0.00 |           0.00 |             0.000 |           0.00 |           0:00 |     0     0     0    0.0 |
|     DOT/USDT |      0 |           0.00 |           0.00 |             0.000 |           0.00 |           0:00 |     0     0     0    0.0 |
|    DREP/USDT |      0 |           0.00 |           0.00 |             0.000 |           0.00 |           0:00 |     0     0     0    0.0 |
|    DUSK/USDT |      0 |           0.00 |           0.00 |             0.000 |           0.00 |           0:00 |     0     0     0    0.0 |
|    DYDX/USDT |      0 |           0.00 |           0.00 |             0.000 |           0.00 |           0:00 |     0     0     0    0.0 |
|     ELF/USDT |      0 |           0.00 |           0.00 |             0.000 |           0.00 |           0:00 |     0     0     0    0.0 |
|     ENJ/USDT |      0 |           0.00 |           0.00 |             0.000 |           0.00 |           0:00 |     0     0     0    0.0 |
|     ENS/USDT |      0 |           0.00 |           0.00 |             0.000 |           0.00 |           0:00 |     0     0     0    0.0 |
|     EOS/USDT |      0 |           0.00 |           0.00 |             0.000 |           0.00 |           0:00 |     0     0     0    0.0 |
|     ERN/USDT |      0 |           0.00 |           0.00 |             0.000 |           0.00 |           0:00 |     0     0     0    0.0 |
|     ETC/USDT |      0 |           0.00 |           0.00 |             0.000 |           0.00 |           0:00 |     0     0     0    0.0 |
|     ETH/USDT |      0 |           0.00 |           0.00 |             0.000 |           0.00 |           0:00 |     0     0     0    0.0 |
|    FARM/USDT |      0 |           0.00 |           0.00 |             0.000 |           0.00 |           0:00 |     0     0     0    0.0 |
|     FET/USDT |      0 |           0.00 |           0.00 |             0.000 |           0.00 |           0:00 |     0     0     0    0.0 |
|    FIDA/USDT |      0 |           0.00 |           0.00 |             0.000 |           0.00 |           0:00 |     0     0     0    0.0 |
|     FIL/USDT |      0 |           0.00 |           0.00 |             0.000 |           0.00 |           0:00 |     0     0     0    0.0 |
|     FIO/USDT |      0 |           0.00 |           0.00 |             0.000 |           0.00 |           0:00 |     0     0     0    0.0 |
|    FIRO/USDT |      0 |           0.00 |           0.00 |             0.000 |           0.00 |           0:00 |     0     0     0    0.0 |
|     FIS/USDT |      0 |           0.00 |           0.00 |             0.000 |           0.00 |           0:00 |     0     0     0    0.0 |
|     FLM/USDT |      0 |           0.00 |           0.00 |             0.000 |           0.00 |           0:00 |     0     0     0    0.0 |
|    FLOW/USDT |      0 |           0.00 |           0.00 |             0.000 |           0.00 |           0:00 |     0     0     0    0.0 |
|    FLUX/USDT |      0 |           0.00 |           0.00 |             0.000 |           0.00 |           0:00 |     0     0     0    0.0 |
|     FOR/USDT |      0 |           0.00 |           0.00 |             0.000 |           0.00 |           0:00 |     0     0     0    0.0 |
|   FORTH/USDT |      0 |           0.00 |           0.00 |             0.000 |           0.00 |           0:00 |     0     0     0    0.0 |
|   FRONT/USDT |      0 |           0.00 |           0.00 |             0.000 |           0.00 |           0:00 |     0     0     0    0.0 |
|     FTM/USDT |      0 |           0.00 |           0.00 |             0.000 |           0.00 |           0:00 |     0     0     0    0.0 |
|     FTT/USDT |      0 |           0.00 |           0.00 |             0.000 |           0.00 |           0:00 |     0     0     0    0.0 |
|     FUN/USDT |      0 |           0.00 |           0.00 |             0.000 |           0.00 |           0:00 |     0     0     0    0.0 |
|     FXS/USDT |      0 |           0.00 |           0.00 |             0.000 |           0.00 |           0:00 |     0     0     0    0.0 |
|     CLV/USDT |      1 |          -0.38 |          -0.38 |           -12.476 |          -0.12 |        0:33:00 |     0     0     1    0.0 |
|    BETA/USDT |      1 |          -0.43 |          -0.43 |           -14.080 |          -0.14 |        0:34:00 |     0     0     1    0.0 |
|      AR/USDT |      2 |          -0.41 |          -0.82 |           -26.645 |          -0.27 |        1:51:00 |     0     0     2    0.0 |
|    ATOM/USDT |      1 |          -0.90 |          -0.90 |           -28.881 |          -0.29 |        0:26:00 |     0     0     1    0.0 |
|     CVX/USDT |      1 |          -0.90 |          -0.90 |           -28.967 |          -0.29 |        0:20:00 |     0     0     1    0.0 |
|     CVP/USDT |      1 |          -0.90 |          -0.90 |           -29.589 |          -0.30 |        0:03:00 |     0     0     1    0.0 |
|    EGLD/USDT |      2 |          -0.63 |          -1.26 |           -40.788 |          -0.41 |        0:18:00 |     0     0     2    0.0 |
|    ANKR/USDT |      4 |          -0.46 |          -1.83 |           -59.804 |          -0.60 |        0:33:00 |     1     0     3   25.0 |
|     DAR/USDT |      3 |          -0.90 |          -2.70 |           -88.232 |          -0.88 |        0:19:00 |     0     0     3    0.0 |
|        TOTAL |     18 |          -0.48 |          -8.71 |          -284.268 |          -2.84 |        0:33:00 |     3     0    15   16.7 |
========================================================= ENTER TAG STATS ===========================================================
|   TAG |   Buys |   Avg Profit % |   Cum Profit % |   Tot Profit USDT |   Tot Profit % |   Avg Duration |   Win  Draw  Loss  Win%  |
|-------+--------+----------------+----------------+-------------------+----------------+----------------+--------------------------|
| TOTAL |     18 |          -0.48 |          -8.71 |          -284.268 |          -2.84 |        0:33:00 |     3     0    15   16.7 |
=====================================================+== EXIT REASON STATS ========================================================
|        Exit Reason |   Exits |   Win  Draws  Loss  Win%  |   Avg Profit % |   Cum Profit % |   Tot Profit USDT |   Tot Profit % |
|--------------------+---------+---------------------------+----------------+----------------+-------------------+----------------|
|          stop_loss |       9 |     0     0     9    0.0  |          -0.90 |          -8.09 |          -263.480 |          -2.70 |
| my_stoploss_signal |       6 |     0     0     6    0.0  |          -0.40 |          -2.42 |           -78.624 |          -0.81 |
|                roi |       2 |     2     0     0  100.0  |           0.70 |           1.40 |            45.195 |           0.47 |
| candle_sell_signal |       1 |     1     0     0  100.0  |           0.39 |           0.39 |            12.642 |           0.13 |
====================================================== LEFT OPEN TRADES REPORT =======================================================
|   Pair |   Buys |   Avg Profit % |   Cum Profit % |   Tot Profit USDT |   Tot Profit % |   Avg Duration |   Win  Draw  Loss  Win%  |
|--------+--------+----------------+----------------+-------------------+----------------+----------------+--------------------------|
|  TOTAL |      0 |           0.00 |           0.00 |             0.000 |           0.00 |           0:00 |     0     0     0    0.0 |
================== SUMMARY METRICS ==================
| Metric                      | Value               |
|-----------------------------+---------------------|
| Backtesting from            | 2022-08-23 01:40:00 |
| Backtesting to              | 2022-09-02 19:56:00 |
| Max open trades             | 3                   |
|                             |                     |
| Total/Daily Avg Trades      | 18 / 1.8            |
| Starting balance            | 10000 USDT          |
| Final balance               | 9715.732 USDT       |
| Absolute profit             | -284.268 USDT       |
| Total profit %              | -2.84%              |
| CAGR %                      | -65.1%              |
| Trades per day              | 1.8                 |
| Avg. daily profit %         | -0.28%              |
| Avg. stake amount           | 3245.507 USDT       |
| Total trade volume          | 58419.122 USDT      |
|                             |                     |
| Best Pair                   | ACM/USDT 0.7%       |
| Worst Pair                  | DAR/USDT -2.7%      |
| Best trade                  | BOND/USDT 0.7%      |
| Worst trade                 | DAR/USDT -0.9%      |
| Best day                    | 45.195 USDT         |
| Worst day                   | -100.78 USDT        |
| Days win/draw/lose          | 2 / 1 / 8           |
| Avg. Duration Winners       | 0:19:00             |
| Avg. Duration Loser         | 0:36:00             |
| Rejected Entry signals      | 0                   |
| Entry/Exit Timeouts         | 0 / 0               |
|                             |                     |
| Min balance                 | 9703.09 USDT        |
| Max balance                 | 9970.323 USDT       |
| Max % of account underwater | 2.68%               |
| Absolute Drawdown (Account) | 2.68%               |
| Absolute Drawdown           | 267.233 USDT        |
| Drawdown high               | -29.677 USDT        |
| Drawdown low                | -296.91 USDT        |
| Drawdown Start              | 2022-08-23 03:54:00 |
| Drawdown End                | 2022-09-01 23:02:00 |
| Market change               | -4.36%              |
=====================================================