============================================================= BACKTESTING REPORT ===========================================================
|       Pair   |   Buys |   Avg Profit % |   Cum Profit % |   Tot Profit USDT |   Tot Profit % |   Avg Duration |   Win  Draw  Loss  Win%  |
|--------------+--------+----------------+----------------+-------------------+----------------+----------------+--------------------------|
|     FET/USDT |      1 |           0.70 |           0.70 |            21.972 |           0.22 |        0:19:00 |     1     0     0  100.0 |
|    CELO/USDT |      1 |           0.35 |           0.35 |            11.080 |           0.11 |        0:23:00 |     1     0     0  100.0 |
|   1INCH/USDT |      0 |           0.00 |           0.00 |             0.000 |           0.00 |           0:00 |     0     0     0    0.0 |
|    AAVE/USDT |      0 |           0.00 |           0.00 |             0.000 |           0.00 |           0:00 |     0     0     0    0.0 |
|     ACH/USDT |      0 |           0.00 |           0.00 |             0.000 |           0.00 |           0:00 |     0     0     0    0.0 |
|     ACM/USDT |      0 |           0.00 |           0.00 |             0.000 |           0.00 |           0:00 |     0     0     0    0.0 |
|     ADA/USDT |      0 |           0.00 |           0.00 |             0.000 |           0.00 |           0:00 |     0     0     0    0.0 |
|    AGLD/USDT |      0 |           0.00 |           0.00 |             0.000 |           0.00 |           0:00 |     0     0     0    0.0 |
|    AION/USDT |      0 |           0.00 |           0.00 |             0.000 |           0.00 |           0:00 |     0     0     0    0.0 |
|    AKRO/USDT |      0 |           0.00 |           0.00 |             0.000 |           0.00 |           0:00 |     0     0     0    0.0 |
|    ALCX/USDT |      0 |           0.00 |           0.00 |             0.000 |           0.00 |           0:00 |     0     0     0    0.0 |
|    ALGO/USDT |      0 |           0.00 |           0.00 |             0.000 |           0.00 |           0:00 |     0     0     0    0.0 |
|   ALICE/USDT |      0 |           0.00 |           0.00 |             0.000 |           0.00 |           0:00 |     0     0     0    0.0 |
|   ALPHA/USDT |      0 |           0.00 |           0.00 |             0.000 |           0.00 |           0:00 |     0     0     0    0.0 |
|     AMP/USDT |      0 |           0.00 |           0.00 |             0.000 |           0.00 |           0:00 |     0     0     0    0.0 |
|    ANKR/USDT |      0 |           0.00 |           0.00 |             0.000 |           0.00 |           0:00 |     0     0     0    0.0 |
|      AR/USDT |      0 |           0.00 |           0.00 |             0.000 |           0.00 |           0:00 |     0     0     0    0.0 |
|    ARDR/USDT |      0 |           0.00 |           0.00 |             0.000 |           0.00 |           0:00 |     0     0     0    0.0 |
|     ASR/USDT |      0 |           0.00 |           0.00 |             0.000 |           0.00 |           0:00 |     0     0     0    0.0 |
|     ATA/USDT |      0 |           0.00 |           0.00 |             0.000 |           0.00 |           0:00 |     0     0     0    0.0 |
|     ATM/USDT |      0 |           0.00 |           0.00 |             0.000 |           0.00 |           0:00 |     0     0     0    0.0 |
|    ATOM/USDT |      0 |           0.00 |           0.00 |             0.000 |           0.00 |           0:00 |     0     0     0    0.0 |
| AUCTION/USDT |      0 |           0.00 |           0.00 |             0.000 |           0.00 |           0:00 |     0     0     0    0.0 |
|   AUDIO/USDT |      0 |           0.00 |           0.00 |             0.000 |           0.00 |           0:00 |     0     0     0    0.0 |
|    AUTO/USDT |      0 |           0.00 |           0.00 |             0.000 |           0.00 |           0:00 |     0     0     0    0.0 |
|     AVA/USDT |      0 |           0.00 |           0.00 |             0.000 |           0.00 |           0:00 |     0     0     0    0.0 |
|     AXS/USDT |      0 |           0.00 |           0.00 |             0.000 |           0.00 |           0:00 |     0     0     0    0.0 |
|  BADGER/USDT |      0 |           0.00 |           0.00 |             0.000 |           0.00 |           0:00 |     0     0     0    0.0 |
|    BAKE/USDT |      0 |           0.00 |           0.00 |             0.000 |           0.00 |           0:00 |     0     0     0    0.0 |
|     BAL/USDT |      0 |           0.00 |           0.00 |             0.000 |           0.00 |           0:00 |     0     0     0    0.0 |
|    BAND/USDT |      0 |           0.00 |           0.00 |             0.000 |           0.00 |           0:00 |     0     0     0    0.0 |
|     BAR/USDT |      0 |           0.00 |           0.00 |             0.000 |           0.00 |           0:00 |     0     0     0    0.0 |
|     BEL/USDT |      0 |           0.00 |           0.00 |             0.000 |           0.00 |           0:00 |     0     0     0    0.0 |
|    BETA/USDT |      0 |           0.00 |           0.00 |             0.000 |           0.00 |           0:00 |     0     0     0    0.0 |
|    BICO/USDT |      0 |           0.00 |           0.00 |             0.000 |           0.00 |           0:00 |     0     0     0    0.0 |
|     BLZ/USDT |      0 |           0.00 |           0.00 |             0.000 |           0.00 |           0:00 |     0     0     0    0.0 |
|     BNB/USDT |      0 |           0.00 |           0.00 |             0.000 |           0.00 |           0:00 |     0     0     0    0.0 |
|     BNT/USDT |      0 |           0.00 |           0.00 |             0.000 |           0.00 |           0:00 |     0     0     0    0.0 |
|     BNX/USDT |      0 |           0.00 |           0.00 |             0.000 |           0.00 |           0:00 |     0     0     0    0.0 |
|    BOND/USDT |      0 |           0.00 |           0.00 |             0.000 |           0.00 |           0:00 |     0     0     0    0.0 |
|     BTC/USDT |      0 |           0.00 |           0.00 |             0.000 |           0.00 |           0:00 |     0     0     0    0.0 |
|     BTS/USDT |      0 |           0.00 |           0.00 |             0.000 |           0.00 |           0:00 |     0     0     0    0.0 |
|     C98/USDT |      0 |           0.00 |           0.00 |             0.000 |           0.00 |           0:00 |     0     0     0    0.0 |
|    CAKE/USDT |      0 |           0.00 |           0.00 |             0.000 |           0.00 |           0:00 |     0     0     0    0.0 |
|     CFX/USDT |      0 |           0.00 |           0.00 |             0.000 |           0.00 |           0:00 |     0     0     0    0.0 |
|   CHESS/USDT |      0 |           0.00 |           0.00 |             0.000 |           0.00 |           0:00 |     0     0     0    0.0 |
|     CHZ/USDT |      0 |           0.00 |           0.00 |             0.000 |           0.00 |           0:00 |     0     0     0    0.0 |
|     CKB/USDT |      0 |           0.00 |           0.00 |             0.000 |           0.00 |           0:00 |     0     0     0    0.0 |
|     CLV/USDT |      0 |           0.00 |           0.00 |             0.000 |           0.00 |           0:00 |     0     0     0    0.0 |
|    COMP/USDT |      0 |           0.00 |           0.00 |             0.000 |           0.00 |           0:00 |     0     0     0    0.0 |
|     COS/USDT |      0 |           0.00 |           0.00 |             0.000 |           0.00 |           0:00 |     0     0     0    0.0 |
|    COTI/USDT |      0 |           0.00 |           0.00 |             0.000 |           0.00 |           0:00 |     0     0     0    0.0 |
|     CRV/USDT |      0 |           0.00 |           0.00 |             0.000 |           0.00 |           0:00 |     0     0     0    0.0 |
|     CTK/USDT |      0 |           0.00 |           0.00 |             0.000 |           0.00 |           0:00 |     0     0     0    0.0 |
|     CVC/USDT |      0 |           0.00 |           0.00 |             0.000 |           0.00 |           0:00 |     0     0     0    0.0 |
|     CVP/USDT |      0 |           0.00 |           0.00 |             0.000 |           0.00 |           0:00 |     0     0     0    0.0 |
|    DASH/USDT |      0 |           0.00 |           0.00 |             0.000 |           0.00 |           0:00 |     0     0     0    0.0 |
|    DATA/USDT |      0 |           0.00 |           0.00 |             0.000 |           0.00 |           0:00 |     0     0     0    0.0 |
|     DCR/USDT |      0 |           0.00 |           0.00 |             0.000 |           0.00 |           0:00 |     0     0     0    0.0 |
|    DEGO/USDT |      0 |           0.00 |           0.00 |             0.000 |           0.00 |           0:00 |     0     0     0    0.0 |
|    DENT/USDT |      0 |           0.00 |           0.00 |             0.000 |           0.00 |           0:00 |     0     0     0    0.0 |
|    DEXE/USDT |      0 |           0.00 |           0.00 |             0.000 |           0.00 |           0:00 |     0     0     0    0.0 |
|      DF/USDT |      0 |           0.00 |           0.00 |             0.000 |           0.00 |           0:00 |     0     0     0    0.0 |
|     DGB/USDT |      0 |           0.00 |           0.00 |             0.000 |           0.00 |           0:00 |     0     0     0    0.0 |
|     DIA/USDT |      0 |           0.00 |           0.00 |             0.000 |           0.00 |           0:00 |     0     0     0    0.0 |
|     DNT/USDT |      0 |           0.00 |           0.00 |             0.000 |           0.00 |           0:00 |     0     0     0    0.0 |
|    DODO/USDT |      0 |           0.00 |           0.00 |             0.000 |           0.00 |           0:00 |     0     0     0    0.0 |
|    DOGE/USDT |      0 |           0.00 |           0.00 |             0.000 |           0.00 |           0:00 |     0     0     0    0.0 |
|     DOT/USDT |      0 |           0.00 |           0.00 |             0.000 |           0.00 |           0:00 |     0     0     0    0.0 |
|    DREP/USDT |      0 |           0.00 |           0.00 |             0.000 |           0.00 |           0:00 |     0     0     0    0.0 |
|    DUSK/USDT |      0 |           0.00 |           0.00 |             0.000 |           0.00 |           0:00 |     0     0     0    0.0 |
|    DYDX/USDT |      0 |           0.00 |           0.00 |             0.000 |           0.00 |           0:00 |     0     0     0    0.0 |
|    EGLD/USDT |      0 |           0.00 |           0.00 |             0.000 |           0.00 |           0:00 |     0     0     0    0.0 |
|     ELF/USDT |      0 |           0.00 |           0.00 |             0.000 |           0.00 |           0:00 |     0     0     0    0.0 |
|     ENJ/USDT |      0 |           0.00 |           0.00 |             0.000 |           0.00 |           0:00 |     0     0     0    0.0 |
|     ENS/USDT |      0 |           0.00 |           0.00 |             0.000 |           0.00 |           0:00 |     0     0     0    0.0 |
|     EOS/USDT |      0 |           0.00 |           0.00 |             0.000 |           0.00 |           0:00 |     0     0     0    0.0 |
|     ETH/USDT |      0 |           0.00 |           0.00 |             0.000 |           0.00 |           0:00 |     0     0     0    0.0 |
|    FIDA/USDT |      0 |           0.00 |           0.00 |             0.000 |           0.00 |           0:00 |     0     0     0    0.0 |
|     FIL/USDT |      0 |           0.00 |           0.00 |             0.000 |           0.00 |           0:00 |     0     0     0    0.0 |
|     FIO/USDT |      0 |           0.00 |           0.00 |             0.000 |           0.00 |           0:00 |     0     0     0    0.0 |
|    FIRO/USDT |      0 |           0.00 |           0.00 |             0.000 |           0.00 |           0:00 |     0     0     0    0.0 |
|     FLM/USDT |      0 |           0.00 |           0.00 |             0.000 |           0.00 |           0:00 |     0     0     0    0.0 |
|    FLOW/USDT |      0 |           0.00 |           0.00 |             0.000 |           0.00 |           0:00 |     0     0     0    0.0 |
|    FLUX/USDT |      0 |           0.00 |           0.00 |             0.000 |           0.00 |           0:00 |     0     0     0    0.0 |
|     FOR/USDT |      0 |           0.00 |           0.00 |             0.000 |           0.00 |           0:00 |     0     0     0    0.0 |
|   FORTH/USDT |      0 |           0.00 |           0.00 |             0.000 |           0.00 |           0:00 |     0     0     0    0.0 |
|   FRONT/USDT |      0 |           0.00 |           0.00 |             0.000 |           0.00 |           0:00 |     0     0     0    0.0 |
|     FTM/USDT |      0 |           0.00 |           0.00 |             0.000 |           0.00 |           0:00 |     0     0     0    0.0 |
|     FTT/USDT |      0 |           0.00 |           0.00 |             0.000 |           0.00 |           0:00 |     0     0     0    0.0 |
|     FUN/USDT |      0 |           0.00 |           0.00 |             0.000 |           0.00 |           0:00 |     0     0     0    0.0 |
|     FXS/USDT |      0 |           0.00 |           0.00 |             0.000 |           0.00 |           0:00 |     0     0     0    0.0 |
|     BAT/USDT |      1 |          -0.31 |          -0.31 |            -9.728 |          -0.10 |        0:39:00 |     0     0     1    0.0 |
|    CITY/USDT |      1 |          -0.35 |          -0.35 |           -11.118 |          -0.11 |        0:47:00 |     0     0     1    0.0 |
|    AVAX/USDT |      1 |          -0.35 |          -0.35 |           -11.213 |          -0.11 |        0:33:00 |     0     0     1    0.0 |
|     BTG/USDT |      1 |          -0.36 |          -0.36 |           -11.234 |          -0.11 |        1:19:00 |     0     0     1    0.0 |
|    CTSI/USDT |      1 |          -0.44 |          -0.44 |           -13.853 |          -0.14 |        0:33:00 |     0     0     1    0.0 |
|     ANT/USDT |      1 |          -0.45 |          -0.45 |           -13.970 |          -0.14 |        0:33:00 |     0     0     1    0.0 |
|     BCH/USDT |      1 |          -0.45 |          -0.45 |           -14.339 |          -0.14 |        0:33:00 |     0     0     1    0.0 |
|    ARPA/USDT |      1 |          -0.51 |          -0.51 |           -15.836 |          -0.16 |        0:33:00 |     0     0     1    0.0 |
|     ADX/USDT |      2 |          -0.26 |          -0.52 |           -16.649 |          -0.17 |        1:46:00 |     1     0     1   50.0 |
|  ALPACA/USDT |      2 |          -0.33 |          -0.67 |           -22.352 |          -0.22 |        0:26:00 |     1     0     1   50.0 |
|     CHR/USDT |      1 |          -0.70 |          -0.70 |           -22.456 |          -0.22 |        0:33:00 |     0     0     1    0.0 |
|    BEAM/USDT |      1 |          -0.90 |          -0.90 |           -28.246 |          -0.28 |        0:02:00 |     0     0     1    0.0 |
|     ETC/USDT |      1 |          -0.90 |          -0.90 |           -28.330 |          -0.28 |        0:11:00 |     0     0     1    0.0 |
|  BURGER/USDT |      1 |          -0.90 |          -0.90 |           -28.381 |          -0.28 |        0:00:00 |     0     0     1    0.0 |
|    CELR/USDT |      1 |          -0.90 |          -0.90 |           -28.707 |          -0.29 |        0:14:00 |     0     0     1    0.0 |
|     CVX/USDT |      1 |          -0.90 |          -0.90 |           -28.997 |          -0.29 |        0:05:00 |     0     0     1    0.0 |
|    CTXC/USDT |      1 |          -0.90 |          -0.90 |           -29.383 |          -0.29 |        0:18:00 |     0     0     1    0.0 |
|     ERN/USDT |      1 |          -0.90 |          -0.90 |           -29.470 |          -0.29 |        0:09:00 |     0     0     1    0.0 |
|    DOCK/USDT |      1 |          -0.90 |          -0.90 |           -29.677 |          -0.30 |        0:19:00 |     0     0     1    0.0 |
|   COCOS/USDT |      3 |          -0.37 |          -1.10 |           -35.580 |          -0.36 |        0:15:00 |     1     0     2   33.3 |
|     DAR/USDT |      3 |          -0.49 |          -1.47 |           -46.823 |          -0.47 |        0:22:00 |     1     0     2   33.3 |
|    FARM/USDT |      2 |          -0.90 |          -1.80 |           -58.330 |          -0.58 |        0:02:00 |     0     0     2    0.0 |
|     FIS/USDT |      7 |          -0.29 |          -2.06 |           -65.737 |          -0.66 |        0:31:00 |     2     0     5   28.6 |
|        TOTAL |     38 |          -0.46 |         -17.65 |          -567.359 |          -5.67 |        0:28:00 |     8     0    30   21.1 |
========================================================= ENTER TAG STATS ===========================================================
|   TAG |   Buys |   Avg Profit % |   Cum Profit % |   Tot Profit USDT |   Tot Profit % |   Avg Duration |   Win  Draw  Loss  Win%  |
|-------+--------+----------------+----------------+-------------------+----------------+----------------+--------------------------|
| TOTAL |     38 |          -0.46 |         -17.65 |          -567.359 |          -5.67 |        0:28:00 |     8     0    30   21.1 |
=====================================================+== EXIT REASON STATS ========================================================
|        Exit Reason |   Exits |   Win  Draws  Loss  Win%  |   Avg Profit % |   Cum Profit % |   Tot Profit USDT |   Tot Profit % |
|--------------------+---------+---------------------------+----------------+----------------+-------------------+----------------|
|          stop_loss |      18 |     0     0    18    0.0  |          -0.90 |         -16.17 |          -520.397 |          -5.39 |
| my_stoploss_signal |      12 |     0     0    12    0.0  |          -0.45 |          -5.38 |          -170.968 |          -1.79 |
|                roi |       4 |     4     0     0  100.0  |           0.70 |           2.80 |            88.878 |           0.93 |
| candle_sell_signal |       4 |     4     0     0  100.0  |           0.28 |           1.11 |            35.128 |           0.37 |
====================================================== LEFT OPEN TRADES REPORT =======================================================
|   Pair |   Buys |   Avg Profit % |   Cum Profit % |   Tot Profit USDT |   Tot Profit % |   Avg Duration |   Win  Draw  Loss  Win%  |
|--------+--------+----------------+----------------+-------------------+----------------+----------------+--------------------------|
|  TOTAL |      0 |           0.00 |           0.00 |             0.000 |           0.00 |           0:00 |     0     0     0    0.0 |
================== SUMMARY METRICS ==================
| Metric                      | Value               |
|-----------------------------+---------------------|
| Backtesting from            | 2022-03-13 01:40:00 |
| Backtesting to              | 2022-03-23 19:11:00 |
| Max open trades             | 3                   |
|                             |                     |
| Total/Daily Avg Trades      | 38 / 3.8            |
| Starting balance            | 10000 USDT          |
| Final balance               | 9432.641 USDT       |
| Absolute profit             | -567.359 USDT       |
| Total profit %              | -5.67%              |
| CAGR %                      | -88.14%             |
| Trades per day              | 3.8                 |
| Avg. daily profit %         | -0.57%              |
| Avg. stake amount           | 3190.995 USDT       |
| Total trade volume          | 121257.828 USDT     |
|                             |                     |
| Best Pair                   | FET/USDT 0.7%       |
| Worst Pair                  | FIS/USDT -2.06%     |
| Best trade                  | FIS/USDT 0.7%       |
| Worst trade                 | DOCK/USDT -0.9%     |
| Best day                    | 16.036 USDT         |
| Worst day                   | -128.153 USDT       |
| Days win/draw/lose          | 1 / 0 / 10          |
| Avg. Duration Winners       | 0:53:00             |
| Avg. Duration Loser         | 0:22:00             |
| Rejected Entry signals      | 0                   |
| Entry/Exit Timeouts         | 0 / 0               |
|                             |                     |
| Min balance                 | 9425.404 USDT       |
| Max balance                 | 9970.323 USDT       |
| Max % of account underwater | 5.47%               |
| Absolute Drawdown (Account) | 5.47%               |
| Absolute Drawdown           | 544.919 USDT        |
| Drawdown high               | -29.677 USDT        |
| Drawdown low                | -574.596 USDT       |
| Drawdown Start              | 2022-03-13 17:49:00 |
| Drawdown End                | 2022-03-23 11:21:00 |
| Market change               | 17.05%              |
=====================================================